 Eigenvalues (   eV  ) for nkpt=  96  k points:
 kpt#   1, nband= 10, wtk=  1.00000, kpt=  0.0000  0.0000  0.0000 (reduced coord)
 -22.17518  -10.26635   -5.70022   -5.70019    0.61577    1.41008    1.78543    2.73688
   3.21613    4.94319
 kpt#   2, nband= 10, wtk=  1.00000, kpt=  0.0083  0.0083  0.0000 (reduced coord)
 -22.17026  -10.26046   -5.72072   -5.71112    0.62245    1.41684    1.79228    2.74367
   3.22289    4.94990
 kpt#   3, nband= 10, wtk=  1.00000, kpt=  0.0167  0.0167  0.0000 (reduced coord)
 -22.15552  -10.24277   -5.78180   -5.74380    0.64248    1.43714    1.81281    2.76401
   3.24316    4.97003
 kpt#   4, nband= 10, wtk=  1.00000, kpt=  0.0250  0.0250  0.0000 (reduced coord)
 -22.13095  -10.21331   -5.88161   -5.79793    0.67587    1.47095    1.84702    2.79792
   3.27696    5.00357
 kpt#   5, nband= 10, wtk=  1.00000, kpt=  0.0333  0.0333  0.0000 (reduced coord)
 -22.09657  -10.17211   -6.01752   -5.87307    0.72262    1.51829    1.89493    2.84538
   3.32427    5.05051
 kpt#   6, nband= 10, wtk=  1.00000, kpt=  0.0417  0.0417  0.0000 (reduced coord)
 -22.05237  -10.11918   -6.18614   -5.96853    0.78274    1.57914    1.95652    2.90639
   3.38511    5.11084
 kpt#   7, nband= 10, wtk=  1.00000, kpt=  0.0500  0.0500  0.0000 (reduced coord)
 -21.99839  -10.05457   -6.38371   -6.08354    0.85621    1.65350    2.03181    2.98095
   3.45949    5.18455
 kpt#   8, nband= 10, wtk=  1.00000, kpt=  0.0583  0.0583  0.0000 (reduced coord)
 -21.93463   -9.97833   -6.60634   -6.21713    0.94306    1.74134    2.12078    3.06904
   3.54739    5.27161
 kpt#   9, nband= 10, wtk=  1.00000, kpt=  0.0667  0.0667  0.0000 (reduced coord)
 -21.86112   -9.89053   -6.85019   -6.36822    1.04328    1.84267    2.22345    3.17066
   3.64884    5.37200
 kpt#  10, nband= 10, wtk=  1.00000, kpt=  0.0750  0.0750  0.0000 (reduced coord)
 -21.77788   -9.79123   -7.11170   -6.53565    1.15686    1.95746    2.33981    3.28579
   3.76383    5.48569
 kpt#  11, nband= 10, wtk=  1.00000, kpt=  0.0833  0.0833  0.0000 (reduced coord)
 -21.68494   -9.68052   -7.38755   -6.71816    1.28381    2.08569    2.46986    3.41441
   3.89237    5.61262
 kpt#  12, nband= 10, wtk=  1.00000, kpt=  0.0917  0.0917  0.0000 (reduced coord)
 -21.58233   -9.55849   -7.67476   -6.91441    1.42411    2.22734    2.61360    3.55651
   4.03446    5.75277
 kpt#  13, nband= 10, wtk=  1.00000, kpt=  0.1000  0.1000  0.0000 (reduced coord)
 -21.47009   -9.42526   -7.97072   -7.12307    1.57776    2.38238    2.77103    3.71205
   4.19009    5.90605
 kpt#  14, nband= 10, wtk=  1.00000, kpt=  0.1083  0.1083  0.0000 (reduced coord)
 -21.34827   -9.28096   -8.27313   -7.34281    1.74474    2.55076    2.94215    3.88101
   4.35925    6.07241
 kpt#  15, nband= 10, wtk=  1.00000, kpt=  0.1167  0.1167  0.0000 (reduced coord)
 -21.21690   -9.12572   -8.57997   -7.57225    1.92505    2.73246    3.12697    4.06336
   4.54196    5.95405
 kpt#  16, nband= 10, wtk=  1.00000, kpt=  0.1250  0.1250  0.0000 (reduced coord)
 -21.07606   -8.95972   -8.88956   -7.81006    2.11864    2.92740    3.32547    4.25904
   4.73818    5.55843
 kpt#  17, nband= 10, wtk=  1.00000, kpt=  0.1333  0.1333  0.0000 (reduced coord)
 -20.92579   -9.20038   -8.78312   -8.05496    2.32551    3.13553    3.53766    4.46800
   4.94792    5.20200
 kpt#  18, nband= 10, wtk=  1.00000, kpt=  0.1417  0.1417  0.0000 (reduced coord)
 -20.76617   -9.51115   -8.59614   -8.30568    2.54561    3.35676    3.76353    4.69019
   4.83946    5.17115
 kpt#  19, nband= 10, wtk=  1.00000, kpt=  0.1500  0.1500  0.0000 (reduced coord)
 -20.59727   -9.82074   -8.56104   -8.39903    2.77892    3.59098    4.00308    4.47247
   4.92549    5.40784
 kpt#  20, nband= 10, wtk=  1.00000, kpt=  0.1583  0.1583  0.0000 (reduced coord)
 -20.41920  -10.12823   -8.81989   -8.19204    3.02539    3.83808    4.10263    4.25631
   5.17382    5.65797
 kpt#  21, nband= 10, wtk=  1.00000, kpt=  0.1667  0.1667  0.0000 (reduced coord)
 -20.23205  -10.43276   -9.08111   -7.97546    3.28497    3.73136    4.09788    4.52321
   5.43502    5.92151
 kpt#  22, nband= 10, wtk=  1.00000, kpt=  0.1750  0.1750  0.0000 (reduced coord)
 -20.03593  -10.73364   -9.34370   -7.74961    3.36001    3.55759    4.37016    4.80378
   5.70892    6.19839
 kpt#  23, nband= 10, wtk=  1.00000, kpt=  0.1833  0.1833  0.0000 (reduced coord)
 -19.83098  -11.03024   -9.60667   -7.51487    2.98971    3.84318    4.65464    5.09800
   5.99524    6.48856
 kpt#  24, nband= 10, wtk=  1.00000, kpt=  0.1917  0.1917  0.0000 (reduced coord)
 -19.61736  -11.32204   -9.86913   -7.27168    2.62157    4.14165    4.95090    5.40588
   6.29365    6.79193
 kpt#  25, nband= 10, wtk=  1.00000, kpt=  0.2000  0.2000  0.0000 (reduced coord)
 -19.39523  -11.60859  -10.13017   -7.02051    2.25656    4.45289    5.25841    5.72739
   6.60363    7.10839
 kpt#  26, nband= 10, wtk=  1.00000, kpt=  0.2083  0.2083  0.0000 (reduced coord)
 -19.16481  -11.88947  -10.38897   -6.76188    1.89557    4.77676    5.57637    6.06253
   6.92447    7.43776
 kpt#  27, nband= 10, wtk=  1.00000, kpt=  0.2167  0.2167  0.0000 (reduced coord)
 -18.92633  -12.16432  -10.64471   -6.49641    1.53939    5.11308    5.90361    6.41127
   7.25502    7.77978
 kpt#  28, nband= 10, wtk=  1.00000, kpt=  0.2250  0.2250  0.0000 (reduced coord)
 -18.68010  -12.43285  -10.89662   -6.22478    1.18871    5.46164    6.23832    6.77359
   7.59353    8.13405
 kpt#  29, nband= 10, wtk=  1.00000, kpt=  0.2333  0.2333  0.0000 (reduced coord)
 -18.42644  -12.69479  -11.14391   -5.94777    0.84423    5.82214    6.57762    7.14946
   7.93705    8.49983
 kpt#  30, nband= 10, wtk=  1.00000, kpt=  0.2417  0.2417  0.0000 (reduced coord)
 -18.16580  -12.94990  -11.38580   -5.66623    0.50649    6.19422    6.91670    7.53884
   8.28056    8.87560
 kpt#  31, nband= 10, wtk=  1.00000, kpt=  0.2500  0.2500  0.0000 (reduced coord)
 -17.89868  -13.19800  -11.62146   -5.38115    0.17605    6.57735    7.24725    7.94166
   8.61567    9.25767
 kpt#  32, nband= 10, wtk=  1.00000, kpt=  0.2583  0.2583  0.0000 (reduced coord)
 -17.62577  -13.43889  -11.84997   -5.09364   -0.14663    6.97083    7.55488    8.35781
   8.93034    9.63463
 kpt#  33, nband= 10, wtk=  1.00000, kpt=  0.2667  0.2667  0.0000 (reduced coord)
 -17.34791  -13.67240  -12.07030   -4.80488   -0.46106    7.37366    7.81664    8.78714
   9.21719    9.97166
 kpt#  34, nband= 10, wtk=  1.00000, kpt=  0.2750  0.2750  0.0000 (reduced coord)
 -17.06626  -13.89844  -12.28118   -4.51627   -0.76690    7.78435    8.00515    9.22935
   9.49334   10.23416
 kpt#  35, nband= 10, wtk=  1.00000, kpt=  0.2833  0.2833  0.0000 (reduced coord)
 -16.78236  -14.11686  -12.48098   -4.22929   -1.06380    8.10680    8.20065    9.68374
   9.79610   10.31454
 kpt#  36, nband= 10, wtk=  1.00000, kpt=  0.2917  0.2917  0.0000 (reduced coord)
 -16.49841  -14.32756  -12.66755   -3.94560   -1.35144    8.13555    8.61895   10.14584
  10.14800   10.35798
 kpt#  37, nband= 10, wtk=  1.00000, kpt=  0.3000  0.3000  0.0000 (reduced coord)
 -16.21761  -14.53045  -12.83779   -3.66698   -1.62948    8.11993    9.03316   10.38489
  10.53862   10.59808
 kpt#  38, nband= 10, wtk=  1.00000, kpt=  0.3083  0.3083  0.0000 (reduced coord)
 -15.94469  -14.72544  -12.98709   -3.39527   -1.89773    8.08533    9.43247   10.38924
  10.78169   10.96234
 kpt#  39, nband= 10, wtk=  1.00000, kpt=  0.3167  0.3167  0.0000 (reduced coord)
 -15.68684  -14.91247  -13.10851   -3.13245   -2.15588    8.04916    9.79652   10.36832
  10.82803   11.40375
 kpt#  40, nband= 10, wtk=  1.00000, kpt=  0.3250  0.3250  0.0000 (reduced coord)
 -15.45467  -15.09147  -13.19174   -2.88053   -2.40377    8.02256   10.08704   10.32113
  10.84265   11.84255
 kpt#  41, nband= 10, wtk=  1.00000, kpt=  0.3333  0.3333  0.0000 (reduced coord)
 -15.26253  -15.26238  -13.22291   -2.64140   -2.64120    8.01259   10.24877   10.24884
  10.84852   12.21107
 kpt#  42, nband= 10, wtk=  1.00000, kpt=  0.3417  0.3167  0.0000 (reduced coord)
 -15.42526  -15.12531  -13.18749   -2.86809   -2.41671    8.02368   10.15466   10.26281
  10.82209   11.94819
 kpt#  43, nband= 10, wtk=  1.00000, kpt=  0.3500  0.3000  0.0000 (reduced coord)
 -15.57988  -15.05121  -13.07820   -3.08403   -2.20836    8.05831   10.04320   10.17506
  10.70209   11.69873
 kpt#  44, nband= 10, wtk=  1.00000, kpt=  0.3583  0.2833  0.0000 (reduced coord)
 -15.72627  -15.03503  -12.90091   -3.28902   -2.01743    8.11738    9.91955   10.02331
  10.48365   11.46258
 kpt#  45, nband= 10, wtk=  1.00000, kpt=  0.3667  0.2667  0.0000 (reduced coord)
 -15.86443  -15.06223  -12.67114   -3.48291   -1.84480    8.20033    9.78847    9.80451
  10.22191   11.23979
 kpt#  46, nband= 10, wtk=  1.00000, kpt=  0.3750  0.2500  0.0000 (reduced coord)
 -15.99431  -15.11724  -12.40556   -3.66554   -1.69082    8.30507    9.49286    9.65416
   9.98673   11.03040
 kpt#  47, nband= 10, wtk=  1.00000, kpt=  0.3833  0.2333  0.0000 (reduced coord)
 -16.11590  -15.18804  -12.11757   -3.83685   -1.55545    8.42792    9.10154    9.51998
   9.79574   10.83441
 kpt#  48, nband= 10, wtk=  1.00000, kpt=  0.3917  0.2167  0.0000 (reduced coord)
 -16.22919  -15.26652  -11.81685   -3.99673   -1.43811    8.56357    8.66938    9.38863
   9.63121   10.65185
 kpt#  49, nband= 10, wtk=  1.00000, kpt=  0.4000  0.2000  0.0000 (reduced coord)
 -16.33414  -15.34742  -11.51053   -4.14510   -1.33793    8.22184    8.70510    9.26219
   9.48256   10.48275
 kpt#  50, nband= 10, wtk=  1.00000, kpt=  0.4083  0.1833  0.0000 (reduced coord)
 -16.43074  -15.42732  -11.20418   -4.28186   -1.25359    7.77353    8.84435    9.14228
   9.34628   10.32713
 kpt#  51, nband= 10, wtk=  1.00000, kpt=  0.4167  0.1667  0.0000 (reduced coord)
 -16.51898  -15.50399  -10.90251   -4.40696   -1.18365    7.33428    8.97266    9.03014
   9.22137   10.18499
 kpt#  52, nband= 10, wtk=  1.00000, kpt=  0.4250  0.1500  0.0000 (reduced coord)
 -16.59885  -15.57588  -10.60992   -4.52033   -1.12650    6.91168    8.92671    9.08235
   9.10766   10.05636
 kpt#  53, nband= 10, wtk=  1.00000, kpt=  0.4333  0.1333  0.0000 (reduced coord)
 -16.67033  -15.64195  -10.33066   -4.62190   -1.08045    6.51220    8.83274    9.00529
   9.16842    9.94123
 kpt#  54, nband= 10, wtk=  1.00000, kpt=  0.4417  0.1167  0.0000 (reduced coord)
 -16.73343  -15.70144  -10.06912   -4.71164   -1.04397    6.14173    8.74878    8.91445
   9.22970    9.83963
 kpt#  55, nband= 10, wtk=  1.00000, kpt=  0.4500  0.1000  0.0000 (reduced coord)
 -16.78812  -15.75381   -9.82962   -4.78948   -1.01553    5.80596    8.67530    8.83533
   9.26876    9.75156
 kpt#  56, nband= 10, wtk=  1.00000, kpt=  0.4583  0.0833  0.0000 (reduced coord)
 -16.83440  -15.79864   -9.61670   -4.85541   -0.99380    5.51028    8.61264    8.76811
   9.29044    9.67703
 kpt#  57, nband= 10, wtk=  1.00000, kpt=  0.4667  0.0667  0.0000 (reduced coord)
 -16.87228  -15.83566   -9.43482   -4.90940   -0.97765    5.25980    8.56105    8.71292
   9.30018    9.61605
 kpt#  58, nband= 10, wtk=  1.00000, kpt=  0.4750  0.0500  0.0000 (reduced coord)
 -16.90175  -15.86466   -9.28811   -4.95142   -0.96607    5.05928    8.52074    8.66988
   9.30285    9.56861
 kpt#  59, nband= 10, wtk=  1.00000, kpt=  0.4833  0.0333  0.0000 (reduced coord)
 -16.92280  -15.88547   -9.18036   -4.98146   -0.95836    4.91279    8.49184    8.63908
   9.30220    9.53472
 kpt#  60, nband= 10, wtk=  1.00000, kpt=  0.4917  0.0167  0.0000 (reduced coord)
 -16.93542  -15.89800   -9.11443   -4.99948   -0.95394    4.82353    8.47447    8.62058
   9.30083    9.51438
 kpt#  61, nband= 10, wtk=  1.00000, kpt=  0.5000  0.0000  0.0000 (reduced coord)
 -16.93964  -15.90218   -9.09224   -5.00549   -0.95250    4.79355    8.46867    8.61441
   9.30021    9.50760
 kpt#  62, nband= 10, wtk=  1.00000, kpt=  0.4857  0.0000  0.0000 (reduced coord)
 -17.02412  -15.81049   -9.08740   -5.03712   -0.91337    4.79599    8.10232    8.96115
   8.98950    9.53298
 kpt#  63, nband= 10, wtk=  1.00000, kpt=  0.4714  0.0000  0.0000 (reduced coord)
 -17.22222  -15.59082   -9.07296   -5.12843   -0.79960    4.80327    7.68206    8.54345
   9.08340    9.43782
 kpt#  64, nband= 10, wtk=  1.00000, kpt=  0.4571  0.0000  0.0000 (reduced coord)
 -17.46544  -15.31168   -9.04888   -5.27019   -0.62052    4.81531    7.27050    8.13085
   8.64913    9.48125
 kpt#  65, nband= 10, wtk=  1.00000, kpt=  0.4429  0.0000  0.0000 (reduced coord)
 -17.72355  -15.00343   -9.01528   -5.45083   -0.38788    4.83192    6.86977    7.72749
   8.22757    9.07656
 kpt#  66, nband= 10, wtk=  1.00000, kpt=  0.4286  0.0000  0.0000 (reduced coord)
 -17.98474  -14.67800   -8.97220   -5.65936   -0.11295    4.85277    6.48079    7.33467
   7.81925    8.68111
 kpt#  67, nband= 10, wtk=  1.00000, kpt=  0.4143  0.0000  0.0000 (reduced coord)
 -18.24387  -14.34071   -8.91976   -5.88662    0.19472    4.87715    6.10449    6.95311
   7.42423    8.29677
 kpt#  68, nband= 10, wtk=  1.00000, kpt=  0.4000  0.0000  0.0000 (reduced coord)
 -18.49841  -13.99433   -8.85810   -6.12546    0.52759    4.90341    5.74267    6.58327
   7.04257    7.92425
 kpt#  69, nband= 10, wtk=  1.00000, kpt=  0.3857  0.0000  0.0000 (reduced coord)
 -18.74692  -13.64056   -8.78737   -6.37056    0.87976    4.92511    5.40170    6.22552
   6.67430    7.56394
 kpt#  70, nband= 10, wtk=  1.00000, kpt=  0.3714  0.0000  0.0000 (reduced coord)
 -18.98853  -13.28055   -8.70779   -6.61796    1.24662    4.89329    5.13043    5.88013
   6.31950    7.21608
 kpt#  71, nband= 10, wtk=  1.00000, kpt=  0.3571  0.0000  0.0000 (reduced coord)
 -19.22269  -12.91532   -8.61959   -6.86472    1.62449    4.66079    5.07561    5.54739
   5.97833    6.88085
 kpt#  72, nband= 10, wtk=  1.00000, kpt=  0.3429  0.0000  0.0000 (reduced coord)
 -19.44898  -12.54564   -8.52300   -7.10861    2.01020    4.36022    5.10389    5.22764
   5.65130    6.55841
 kpt#  73, nband= 10, wtk=  1.00000, kpt=  0.3286  0.0000  0.0000 (reduced coord)
 -19.66711  -12.17232   -8.41836   -7.34794    2.40083    4.06096    4.92136    5.14122
   5.34263    6.24891
 kpt#  74, nband= 10, wtk=  1.00000, kpt=  0.3143  0.0000  0.0000 (reduced coord)
 -19.87686  -11.79619   -8.30603   -7.58142    2.79310    3.77130    4.62956    5.02070
   5.21028    5.95249
 kpt#  75, nband= 10, wtk=  1.00000, kpt=  0.3000  0.0000  0.0000 (reduced coord)
 -20.07803  -11.41804   -8.18638   -7.80800    3.18196    3.49313    4.35523    4.73925
   5.25440    5.66940
 kpt#  76, nband= 10, wtk=  1.00000, kpt=  0.2857  0.0000  0.0000 (reduced coord)
 -20.27049  -11.03879   -8.05991   -8.02689    3.22712    3.54894    4.11457    4.46580
   5.30290    5.40010
 kpt#  77, nband= 10, wtk=  1.00000, kpt=  0.2714  0.0000  0.0000 (reduced coord)
 -20.45410  -10.65941   -8.23742   -7.92717    2.97360    3.70861    4.08993    4.20494
   5.14596    5.34115
 kpt#  78, nband= 10, wtk=  1.00000, kpt=  0.2571  0.0000  0.0000 (reduced coord)
 -20.62876  -10.28093   -8.43909   -7.78871    2.73274    3.52774    3.95719    4.40519
   4.91455    5.29835
 kpt#  79, nband= 10, wtk=  1.00000, kpt=  0.2429  0.0000  0.0000 (reduced coord)
 -20.79439   -9.90449   -8.63143   -7.64531    2.50464    3.30966    3.72273    4.59923
   4.86186    5.11204
 kpt#  80, nband= 10, wtk=  1.00000, kpt=  0.2286  0.0000  0.0000 (reduced coord)
 -20.95089   -9.53144   -8.81410   -7.49775    2.28939    3.09689    3.50160    4.42332
   4.90357    5.19235
 kpt#  81, nband= 10, wtk=  1.00000, kpt=  0.2143  0.0000  0.0000 (reduced coord)
 -21.09820   -9.16315   -8.98677   -7.34688    2.08705    2.89473    3.29383    4.22453
   4.70211    5.59632
 kpt#  82, nband= 10, wtk=  1.00000, kpt=  0.2000  0.0000  0.0000 (reduced coord)
 -21.23625   -9.14919   -8.80122   -7.19375    1.89764    2.70460    3.09945    4.03476
   4.51192    5.65772
 kpt#  83, nband= 10, wtk=  1.00000, kpt=  0.1857  0.0000  0.0000 (reduced coord)
 -21.36500   -9.30115   -8.44743   -7.03954    1.72121    2.52705    2.91845    3.85695
   4.33410    5.69503
 kpt#  84, nband= 10, wtk=  1.00000, kpt=  0.1714  0.0000  0.0000 (reduced coord)
 -21.48438   -9.44244   -8.10372   -6.88552    1.55778    2.36232    2.75086    3.69181
   4.16910    5.74347
 kpt#  85, nband= 10, wtk=  1.00000, kpt=  0.1571  0.0000  0.0000 (reduced coord)
 -21.59436   -9.57292   -7.77222   -6.73313    1.40739    2.21057    2.59666    3.53962
   4.01709    5.73488
 kpt#  86, nband= 10, wtk=  1.00000, kpt=  0.1429  0.0000  0.0000 (reduced coord)
 -21.69490   -9.69244   -7.45534   -6.58402    1.27003    2.07187    2.45587    3.40052
   3.87819    5.59847
 kpt#  87, nband= 10, wtk=  1.00000, kpt=  0.1286  0.0000  0.0000 (reduced coord)
 -21.78596   -9.80090   -7.15559   -6.43998    1.14573    1.94628    2.32848    3.27456
   3.75244    5.47441
 kpt#  88, nband= 10, wtk=  1.00000, kpt=  0.1143  0.0000  0.0000 (reduced coord)
 -21.86751   -9.89818   -6.87575   -6.30288    1.03451    1.83384    2.21451    3.16180
   3.63990    5.36318
 kpt#  89, nband= 10, wtk=  1.00000, kpt=  0.1000  0.0000  0.0000 (reduced coord)
 -21.93953   -9.98420   -6.61875   -6.17475    0.93636    1.73459    2.11394    3.06227
   3.54058    5.26489
 kpt#  90, nband= 10, wtk=  1.00000, kpt=  0.0857  0.0000  0.0000 (reduced coord)
 -22.00199  -10.05888   -6.38760   -6.05776    0.85130    1.64853    2.02678    2.97597
   3.45450    5.17962
 kpt#  91, nband= 10, wtk=  1.00000, kpt=  0.0714  0.0000  0.0000 (reduced coord)
 -22.05488  -10.12218   -6.18539   -5.95405    0.77933    1.57569    1.95304    2.90294
   3.38166    5.10742
 kpt#  92, nband= 10, wtk=  1.00000, kpt=  0.0571  0.0000  0.0000 (reduced coord)
 -22.09817  -10.17403   -6.01498   -5.86572    0.72044    1.51608    1.89270    2.84317
   3.32206    5.04832
 kpt#  93, nband= 10, wtk=  1.00000, kpt=  0.0429  0.0000  0.0000 (reduced coord)
 -22.13185  -10.21440   -5.87923   -5.79470    0.67465    1.46971    1.84577    2.79667
   3.27572    5.00234
 kpt#  94, nband= 10, wtk=  1.00000, kpt=  0.0286  0.0000  0.0000 (reduced coord)
 -22.15592  -10.24325   -5.78043   -5.74265    0.64194    1.43659    1.81225    2.76346
   3.24261    4.96948
 kpt#  95, nband= 10, wtk=  1.00000, kpt=  0.0143  0.0000  0.0000 (reduced coord)
 -22.17036  -10.26058   -5.72032   -5.71087    0.62231    1.41671    1.79214    2.74353
   3.22275    4.94977
 kpt#  96, nband= 10, wtk=  1.00000, kpt=  0.0000  0.0000  0.0000 (reduced coord)
 -22.17518  -10.26635   -5.70022   -5.70019    0.61577    1.41008    1.78543    2.73688
   3.21613    4.94319
