0.0	1.808965720151844
0.01	1.8089801656201832
0.02	1.809023504079462
0.03	1.8090957416934108
0.04	1.809196888737937
0.05	1.80932695960575
0.06	1.8094859728127546
0.07	1.809673951006352
0.08	1.809890920975527
0.09	1.8101369136628633
0.1	1.8104119641784118
0.11	1.810716111815394
0.12	1.8110494000679265
0.13	1.8114118766505347
0.14	1.8118035935197072
0.15	1.812224606897356
0.16	1.812674977296251
0.17	1.8131547695475472
0.18	1.813664052830215
0.19	1.8142029007026321
0.2	1.814771391136271
0.21	1.815369606551428
0.22	1.815997633855221
0.23	1.816655564481704
0.24	1.817343494434277
0.25	1.818061524330373
0.26	1.8188097594484205
0.27	1.8195883097772687
0.28	1.8203972900679863
0.29	1.8212368198880962
0.3	1.8221070236784864
0.31	1.8230080308127679
0.32	1.8239399756593837
0.33	1.8249029976463882
0.34	1.825897241329054
0.35	1.826922856460334
0.36	1.8279799980642297
0.37	1.8290688265122514
0.38	1.830189507602898
0.39	1.8313422126443861
0.4	1.8325271185406427
0.41	1.8337444078806617
0.42	1.834994269031368
0.43	1.8362768962340292
0.44	1.8375924897044107
0.45	1.838941255736694
0.46	1.8403234068113452
0.47	1.8417391617070915
0.48	1.8431887456169667
0.49	1.8446723902688398
0.5	1.8461903340502948
0.51	1.8477428221382635
0.52	1.8493301066332957
0.53	1.850952446698962
0.54	1.852610108706257
0.55	1.8543033663834028
0.56	1.8560325009711172
0.57	1.8577978013836363
0.58	1.8595995643756642
0.59	1.8614380947154432
0.6	1.8633137053642477
0.61	1.8652267176624762
0.62	1.8671774615226986
0.63	1.8691662756297713
0.64	1.8711935076484654
0.65	1.873259514438836
0.66	1.8753646622795905
0.67	1.8775093270999275
0.68	1.879693894720027
0.69	1.8819187611006813
0.7	1.8841843326023981
0.71	1.8864910262543604
0.72	1.8888392700337093
0.73	1.8912295031555797
0.74	1.8936621763743209
0.75	1.8961377522964635
0.76	1.8986567057059045
0.77	1.9012195239018554
0.78	1.9038267070501838
0.79	1.9064787685486824
0.8	1.9091762354069788
0.81	1.9119196486417627
0.82	1.9147095636879348
0.83	1.9175465508266274
0.84	1.9204311956307536
0.85	1.9233640994289187
0.86	1.9263458797887762
0.87	1.9293771710205196
0.88	1.932458624701731
0.89	1.9355909102245175
0.9	1.9387747153661306
0.91	1.942010746884238
0.92	1.9452997311381288
0.93	1.9486424147372088
0.94	1.9520395652181532
0.95	1.9554919717523518
0.96	1.9590004458851384
0.97	1.9625658223086413
0.98	1.9661889596699276
0.99	1.9698707414165952
1.0	1.9736120766817027
1.01	1.977413901210311
1.02	1.9812771783300904
1.03	1.98520289996828
1.04	1.9891920877179938
1.05	1.9932457939564503
1.06	1.9973651030183586
1.07	2.0015511324278163
1.08	2.0058050341919365
1.09	2.0101279961603673
1.1	2.0145212434544217
1.11	2.018986039970345
1.12	2.0235236899612197
1.13	2.0281355397027214
1.14	2.0328229792478334
1.15	2.0375874442765256
1.16	2.042430418046497
1.17	2.0473534334517844
1.18	2.052358075196338
1.19	2.0574459820905724
1.2	2.062618849479126
1.21	2.0678784318091328
1.22	2.0732265453487666
1.23	2.0786650710667915
1.24	2.0841959576847904
1.25	2.0898212249144694
1.26	2.095542966894001
1.27	2.101363355837951
1.28	2.1072846459172703
1.29	2.1133091773867765
1.3	2.119439380979431
1.31	2.1256777825884696
1.32	2.132027008260234
1.33	2.1384897895229082
1.34	2.145068969078626
1.35	2.15176750688927
1.36	2.1585884866888567
1.37	2.165535122959329
1.38	2.172610768409597
1.39	2.1798189220022506
1.4	2.187163237576844
1.41	2.1946475331236934
1.42	2.202275800768083
1.43	2.2100522175311763
1.44	2.2179811569414167
1.45	2.226067201578246
1.46	2.2343151566394637
1.47	2.2427300646342117
1.48	2.251317221315366
1.49	2.2600821929788975
1.5	2.269030835273336
1.51	2.278169313680078
1.52	2.2875041258458575
1.53	2.2970421259713714
1.54	2.3067905514876625
1.55	2.3167570522817726
1.56	2.3269497227693265
1.57	2.337377137152584
1.58	2.348048388250376
1.59	2.3589731303419006
1.6	2.3701616265312397
1.61	2.38162480121552
1.62	2.393374298328793
1.63	2.4054225461387935
1.64	2.417782829498204
1.65	2.430469370599069
1.66	2.4434974194548373
1.67	2.4568833555438365
1.68	2.470644802299685
1.69	2.484800756436769
1.7	2.4993717344656234
1.71	2.514379939198035
1.72	2.529849449585159
1.73	2.5458064378987886
1.74	2.562279419087912
1.75	2.579299538161912
1.76	2.5969009027224947
1.77	2.6151209693602633
1.78	2.634000994643219
1.79	2.6535865639802596
1.8	2.673928214912188
1.81	2.6950821755963803
1.82	2.7171112447244066
1.83	2.740085846278448
1.84	2.7640853019994323
1.85	2.789199377059684
1.86	2.8155301714195557
1.87	2.8431944524463266
1.88	2.8723265561232347
1.89	2.90308202830872
1.9	2.9356422395718713
1.91	2.9702202954689683
1.92	3.007068691378475
1.93	3.0464893464488463
1.94	3.08884692419295
1.95	3.1345867518978485
1.96	3.184259250780811
1.97	3.2385536642312487
1.98	3.298345083219741
1.99	3.3647601807956296
2.0	3.439267638153486
2.01	3.5237942144194276
2.02	3.6208369622934247
2.03	3.7334035297438417
2.04	3.86401655327057
2.05	4.009646101621846
2.06	4.144141152756617
2.07	4.2061482691430285
2.08	4.177668097259607
2.09	4.071882830091519
2.1	3.88057769046868
2.11	3.6179910747827857
2.12	3.3778974225847804
2.13	3.2084376500798752
2.14	3.103918747425665
2.15	3.1238591432260683
2.16	3.2250486437367143
2.17	3.314786670031066
2.18	3.306129559024244
2.19	3.1719122790941077
2.2	2.973451712181714
2.21	2.735509594906656
2.22	2.4280672906310565
2.23	2.371955559809755
2.24	2.5396980966559655
2.25	2.6931786616861046
2.26	2.780052258497291
2.27	2.766142416284652
2.28	2.6387903321200796
2.29	2.481964310001771
2.3	2.4319052643531673
2.31	2.5482815400221934
2.32	2.6993848599381067
2.33	2.799114584422107
2.34	2.8262429112904206
2.35	2.790959739721602
2.36	2.685515851594266
2.37	2.5292151363440536
2.38	2.328307858917482
2.39	2.259732320643397
2.4	2.3412216633567544
2.41	2.378216104130151
2.42	2.382392624096309
2.43	2.4060896491355805
2.44	2.386424870433526
2.45	2.375451669373434
2.46	2.4668744090103574
2.47	2.5438174168509518
2.48	2.518383423856214
2.49	2.522515277901727
2.5	2.605187835064507
2.51	2.628591117449435
2.52	2.5655365219416426
2.53	2.5851597734570184
2.54	2.7064150069673922
2.55	2.8523619892691037
2.56	2.9808540871224114
2.57	2.9658382706731983
2.58	2.84069706631385
2.59	2.7838478078835043
2.6	2.810559105643356
2.61	2.869994443477256
2.62	2.8977416058486205
2.63	2.8570491280743986
2.64	2.782712749637405
2.65	2.703805396470788
2.66	2.7344710139758077
2.67	2.8746870816850394
2.68	2.9796775824668607
2.69	2.979490986561777
2.7	2.994764344716176
2.71	3.1113537933864572
2.72	3.254214309709161
2.73	3.4275099759663736
2.74	3.659066083795901
2.75	3.931898085428654
2.76	4.199324907031034
2.77	4.376669823103304
2.78	4.37864682869543
2.79	4.313313898600556
2.8	4.307186072879543
2.81	4.153730413938296
2.82	3.852959811400817
2.83	3.5111697315784958
2.84	3.2527511794170643
2.85	3.044921141213458
2.86	2.7611623479979697
2.87	2.3910087440335257
2.88	2.0889063503362073
2.89	1.8962333178369908
2.9	1.7815433392847841
2.91	1.7765650021636865
2.92	1.781860964485339
2.93	1.7264003531111525
2.94	1.6290832731851845
2.95	1.5722736083447015
2.96	1.6018096065246152
2.97	1.6082413091599188
2.98	1.5752514152224746
2.99	1.5712517031889697
3.0	1.6381675036844656
3.01	1.7485520324845554
3.02	1.8495618285512592
3.03	1.9578202856064115
3.04	1.9602562224188085
3.05	1.7885732237367757
3.06	1.6060569782155245
3.07	1.486383426623596
3.08	1.4109530682426452
3.09	1.42732481498687
3.1	1.5050716050250796
3.11	1.5393778596289394
3.12	1.533324602380409
3.13	1.5698488452193973
3.14	1.6699444292167887
3.15	1.8059785149146284
3.16	1.9108897828388218
3.17	1.8672101610738552
3.18	1.7106955856187391
3.19	1.523523069491476
3.2	1.4159673750889037
3.21	1.4174967141434478
3.22	1.4817558723864523
3.23	1.5795085119819396
3.24	1.6561040106968365
3.25	1.6810793904540657
3.26	1.5865600888409799
3.27	1.3518741810057873
3.28	1.093815090920857
3.29	0.9512853827754375
3.3	1.0028860717366817
3.31	1.0239766444629432
3.32	0.818937523144011
3.33	0.6336396689092816
3.34	0.6655722270211375
3.35	0.8577423399082554
3.36	1.077654957367137
3.37	1.1717536855461448
3.38	1.158239379705745
3.39	1.1921699654879274
3.4	1.3161183852462286
3.41	1.4309611647501566
3.42	1.5348881932447977
3.43	1.6618917018819348
3.44	1.8383217326220347
3.45	2.005200457725187
3.46	2.095171262569521
3.47	2.070889304929724
3.48	1.9737110246593115
3.49	1.9162460998001694
3.5	1.8392624115830036
3.51	1.683605967777864
3.52	1.557584096849474
3.53	1.5110544373956125
3.54	1.5006099533091102
3.55	1.3524570930107076
3.56	1.1166532360987524
3.57	1.0358924838233496
3.58	1.0851900032922082
3.59	1.0878691300816161
3.6	1.0907983969314778
3.61	1.2165581570043107
3.62	1.397334545435091
3.63	1.4777449937777556
3.64	1.3851137626963828
3.65	1.2191528008614663
3.66	1.2064510953467666
3.67	1.3259222702568831
3.68	1.5088944934476867
3.69	1.7028766019997585
3.7	1.7967094870148836
3.71	1.7328971262391002
3.72	1.6039013621789238
3.73	1.5402433274163192
3.74	1.5426487132619133
3.75	1.5908900608725154
3.76	1.6106007355215788
3.77	1.5581680031864709
3.78	1.3205977387810934
3.79	1.0513558243620844
3.8	0.9170981922157547
3.81	0.8710917797494674
3.82	0.8798181151235633
3.83	0.8080374658981786
3.84	0.7023612926602173
3.85	0.5893642441217667
3.86	0.5328327593513715
3.87	0.6106788789256079
3.88	0.6982438275260258
3.89	0.6887160346957261
3.9	0.5932761122618706
3.91	0.49153167841593887
3.92	0.3329264513849552
3.93	0.1720804024228896
3.94	0.1525821732434264
3.95	0.2613036680769463
3.96	0.38590816372995074
3.97	0.4322919708403196
3.98	0.37036482018087796
3.99	0.26248972297952256
4.0	0.267226509635549
4.01	0.315615549219388
4.02	0.2464825846260123
4.03	0.1402257932349281
4.04	0.1298292362519912
4.05	0.2204798153370034
4.06	0.3946757144762185
4.07	0.5116658171915753
4.08	0.522530736092327
4.09	0.5530901888887854
4.1	0.6445226068128984
4.11	0.7409680113163754
4.12	0.7189072270675085
4.13	0.5619965178241915
4.14	0.4263025143776231
4.15	0.3770912006301168
4.16	0.4136774197262848
4.17	0.5671319013976713
4.18	0.7174327858466254
4.19	0.8019126816124067
4.2	0.8576281356084743
4.21	0.9210705753138257
4.22	1.0102670707178623
4.23	1.084682892049267
4.24	1.1417341850974148
4.25	1.1852942906362594
4.26	1.1760240544826641
4.27	1.110194960562968
4.28	1.0548291290662377
4.29	0.9814568868591808
4.3	0.7711873387499627
4.31	0.4038154538161829
4.32	0.03321051458658154
4.33	-0.1808753507357541
4.34	-0.26345043787697836
4.35	-0.3339504159243291
4.36	-0.41562842983909654
4.37	-0.43931571450118495
4.38	-0.43547634501601484
4.39	-0.39138436392521814
4.4	-0.3110461454771658
4.41	-0.26401870433988944
4.42	-0.2953774089131063
4.43	-0.39834371893085924
4.44	-0.5710417062994824
4.45	-0.6920106644862967
4.46	-0.6843776630505363
4.47	-0.5748171061999642
4.48	-0.4390514909283149
4.49	-0.299195722650655
4.5	-0.15160790232108048
4.51	-0.04477961742922982
4.52	-0.0856298758173125
4.53	-0.32733540951996815
4.54	-0.6257007761100714
4.55	-0.8772480347069626
4.56	-1.0099675548668345
4.57	-0.9467585975678481
4.58	-0.7943551434649925
4.59	-0.6788550442974219
4.6	-0.628368402867198
4.61	-0.59623035290975
4.62	-0.5435669911752109
4.63	-0.4855359788000717
4.64	-0.43395922647402635
4.65	-0.37438992645413716
4.66	-0.3732145374689441
4.67	-0.40994386301307223
4.68	-0.4073576269528913
4.69	-0.39403651670227724
4.7	-0.406402303645055
4.71	-0.4024457320054119
4.72	-0.3502459746369491
4.73	-0.3025161841720975
4.74	-0.3259871829761249
4.75	-0.37075596440490327
4.76	-0.37752168110839557
4.77	-0.39564885464936295
4.78	-0.42710207958823887
4.79	-0.4252518356196573
4.8	-0.42835546316537493
4.81	-0.437623466366587
4.82	-0.4348362676212555
4.83	-0.43066134457137895
4.84	-0.43937007295386526
4.85	-0.43876643414070393
4.86	-0.4204420285444481
4.87	-0.40523722431183545
4.88	-0.39495730149969677
4.89	-0.3894011771041177
4.9	-0.3249003182593907
4.91	-0.2149288082537348
4.92	-0.11375485085389946
4.93	-0.0847150927542948
4.94	-0.13854535788543657
4.95	-0.24270179357291344
4.96	-0.35489069415398755
4.97	-0.4559583208747001
4.98	-0.5713482780397702
4.99	-0.6649144942136852
5.0	-0.6660665395193376
5.01	-0.6374111153525163
5.02	-0.6750853218661564
5.03	-0.7245205384573943
5.04	-0.7444100371843511
5.05	-0.75266082587136
5.06	-0.7264259923157346
5.07	-0.7240357200096599
5.08	-0.7702466896957362
5.09	-0.8561135670578199
5.1	-0.9002795677310877
5.11	-0.9030348294384717
5.12	-0.8810591964796902
5.13	-0.8517920590030778
5.14	-0.8371529137087085
5.15	-0.8234110503957562
5.16	-0.785488776974186
5.17	-0.7866926358391245
5.18	-0.848308110793274
5.19	-0.8912911818585189
5.2	-0.8897967435701141
5.21	-0.8636446651093637
5.22	-0.8476143045131771
5.23	-0.8706352392947121
5.24	-0.8913518589783477
5.25	-0.88102658482754
5.26	-0.835624117124803
5.27	-0.7828184775594654
5.28	-0.7438149358565433
5.29	-0.7121355659881523
5.3	-0.6861771152889883
5.31	-0.6634393398235919
5.32	-0.6709239817084046
5.33	-0.6879247333926111
5.34	-0.6693236792595093
5.35	-0.6509156030663511
5.36	-0.6261354859129437
5.37	-0.5927205775228445
5.38	-0.5858351534384058
5.39	-0.6135293817603718
5.4	-0.6739852965520334
5.41	-0.7615536833439878
5.42	-0.8764301829153185
5.43	-1.001282077045228
5.44	-1.054835895983422
5.45	-1.045680211399651
5.46	-1.04378868007556
5.47	-1.02199711066553
5.48	-0.9524172316144919
5.49	-0.8626737026602155
5.5	-0.810897910835409
5.51	-0.8156986496524861
5.52	-0.8323074824181348
5.53	-0.8111867757076582
5.54	-0.7872734397909684
5.55	-0.7919267617539261
5.56	-0.8112149595429478
5.57	-0.8621292680035053
5.58	-0.9282077045685172
5.59	-0.9394978138091317
5.6	-0.9256277225818207
5.61	-0.9697183663797565
5.62	-1.0597299666909206
5.63	-1.1129238468166094
5.64	-1.096176383251535
5.65	-1.0233520266835345
5.66	-0.9544359382464294
5.67	-0.9282278714023555
5.68	-0.9243504140238964
5.69	-0.9168519319055398
5.7	-0.8886853626317772
5.71	-0.8584704403984916
5.72	-0.8479320593787745
5.73	-0.8572744825067401
5.74	-0.8894964514811579
5.75	-0.9197007710523815
5.76	-0.9047070212019537
5.77	-0.8550389176186013
5.78	-0.804966019799912
5.79	-0.7904272235383553
5.8	-0.8136994826256486
5.81	-0.8558807180809
5.82	-0.8882832707918663
5.83	-0.9045114182771179
5.84	-0.8975650867734115
5.85	-0.8719136090432785
5.86	-0.8509488306104926
5.87	-0.8560290952519308
5.88	-0.8688169193749858
5.89	-0.878232384843856
5.9	-0.8899017746217595
5.91	-0.9228740844081116
5.92	-0.9684317584697426
5.93	-0.9939205578095714
5.94	-0.994029875860887
5.95	-0.9657828784284497
5.96	-0.9364931906804438
5.97	-0.9124476347605741
5.98	-0.8793481095282332
5.99	-0.8417385124805802
6.0	-0.817589054339829
