0.0	-20.715992858161673
0.01	-20.717621698782075
0.02	-20.72250932651777
0.03	-20.730659060819708
0.04	-20.74207644020465
0.05	-20.75676923142787
0.06	-20.774747442360113
0.07	-20.79602333862336
0.08	-20.82061146402895
0.09	-20.848528664892083
0.1	-20.879794118303003
0.11	-20.914429364447347
0.12	-20.952458343084476
0.13	-20.993907434308987
0.14	-21.038805503736782
0.15	-21.0871839522641
0.16	-21.13907677058018
0.17	-21.19452059862442
0.18	-21.253554790193704
0.19	-21.316221482943345
0.2	-21.382565674023457
0.21	-21.45263530164529
0.22	-21.526481332872482
0.23	-21.604157857977633
0.24	-21.685722191729297
0.25	-21.77123498200441
0.26	-21.860760326168077
0.27	-21.95436589569124
0.28	-22.052123069527614
0.29	-22.154107076810153
0.3	-22.26039714950123
0.31	-22.371076685646656
0.32	-22.486233424000513
0.33	-22.605959630811373
0.34	-22.730352299661785
0.35	-22.85951336533062
0.36	-22.99354993274865
0.37	-23.132574522217297
0.38	-23.276705332176284
0.39	-23.42606652094271
0.4	-23.580788508993678
0.41	-23.741008303513325
0.42	-23.90686984713289
0.43	-24.078524392977602
0.44	-24.256130908388087
0.45	-24.439856509934724
0.46	-24.629876932653698
0.47	-24.826377036776336
0.48	-25.029551355603374
0.49	-25.239604688635172
0.5	-25.456752744568362
0.51	-25.681222839363507
0.52	-25.913254655264073
0.53	-26.153101067417513
0.54	-26.40102904567936
0.55	-26.65732064020865
0.56	-26.92227406071363
0.57	-27.196204860642776
0.58	-27.479447239300683
0.59	-27.772355476889864
0.6	-28.07530551983365
0.61	-28.388696736547416
0.62	-28.712953867229004
0.63	-29.04852919522432
0.64	-29.39590497245306
0.65	-29.755596137232285
0.66	-30.12815337004817
0.67	-30.514166541598296
0.68	-30.914268618231226
0.69	-31.329140103295515
0.7	-31.759514109549702
0.71	-32.20618217859593
0.72	-32.670000989600766
0.73	-33.151900132832665
0.74	-33.652891166155804
0.75	-34.17407822737049
0.76	-34.716670546394276
0.77	-35.2819972942055
0.78	-35.871525328103445
0.79	-36.48688055600597
0.8	-37.12987386176565
0.81	-37.80253283099446
0.82	-38.5071409248034
0.83	-39.246286314239114
0.84	-40.022923380814476
0.85	-40.840451012595274
0.86	-41.702813438887894
0.87	-42.61463169048416
0.88	-43.58137721717949
0.89	-44.609604309872815
0.9	-45.707265631547116
0.91	-46.884146650814834
0.92	-48.15247186147428
0.93	-49.52776023470241
0.94	-51.030039192547726
0.95	-52.68555420401517
0.96	-54.52907751562053
0.97	-56.60658582077363
0.98	-58.976479883399634
0.99	-61.70068450744026
1.0	-64.7880198550366
1.01	-67.93396069515431
1.02	-69.5734082072802
1.03	-65.8518109316718
1.04	-57.70937472501142
1.05	-53.127140923666005
1.06	-52.183027659729376
1.07	-52.614683746119766
1.08	-53.581865266847196
1.09	-54.84753629229841
1.1	-56.3961776745998
1.11	-58.15249059612293
1.12	-60.12358182305285
1.13	-62.36372590388522
1.14	-64.75660600442117
1.15	-67.45551797991651
1.16	-70.32372701016547
1.17	-73.45929686475826
1.18	-76.9361590312712
1.19	-80.52949855490569
1.2	-84.72336418732051
1.21	-89.1610172916202
1.22	-94.13460651791468
1.23	-99.8620666012178
1.24	-105.41069282542044
1.25	-112.20418420862428
1.26	-119.03045378344127
1.27	-126.86319921858217
1.28	-135.79823890552333
1.29	-145.8179776926188
1.3	-157.22169958552084
1.31	-170.26525251919134
1.32	-184.09689468999736
1.33	-197.9071661121582
1.34	-212.97902356400002
1.35	-228.44807580676402
1.36	-246.40933063961086
1.37	-267.23121056235783
1.38	-281.3713812175649
1.39	-271.85790243585427
1.4	-235.25009032546075
1.41	-185.4051624488404
1.42	-134.59483571871237
1.43	-87.03481010018392
1.44	-40.05993689578131
1.45	3.221936486330985
1.46	36.49504435951612
1.47	58.2950797815506
1.48	72.1970238723135
1.49	81.11610540243558
1.5	87.22661781284735
1.51	91.81632359542725
1.52	95.3295041952088
1.53	99.7752204447261
1.54	108.51064497355955
1.55	124.03185445114052
1.56	147.15873973712695
1.57	172.8319837681159
1.58	192.5632438002945
1.59	205.38389419414585
1.6	214.56790612655763
1.61	223.56065484775158
1.62	235.05232595639816
1.63	249.65959520863123
1.64	264.00189474787385
1.65	273.5886728007116
1.66	277.6858163276449
1.67	278.3177021935608
1.68	276.52277832194426
1.69	274.1133349873944
1.7	275.08813819259757
1.71	280.83661978541306
1.72	286.29083692721736
1.73	285.99724017141165
1.74	276.59945125597807
1.75	256.71920586417593
1.76	229.10742357467993
1.77	199.77349972509373
1.78	172.05338024917967
1.79	146.6826914253101
1.8	124.01292573185965
1.81	103.4476208699397
1.82	84.7759744429307
1.83	67.98700613637942
1.84	52.49320596568848
1.85	37.80021177168474
1.86	25.767981575855316
1.87	17.781760813800005
1.88	13.560329423262854
1.89	11.711641210759993
1.9	10.188280177681735
1.91	9.876578291562186
1.92	12.855254367119612
1.93	19.665800010109102
1.94	30.159350563290165
1.95	44.711358846300186
1.96	63.03167207897911
1.97	83.66255855030556
1.98	104.63765815209534
1.99	124.76306155985195
2.0	143.95153465271338
2.01	163.149085854299
2.02	182.77564468706416
2.03	203.31666078435254
2.04	225.2948559659255
2.05	247.7480809400251
2.06	268.58714835454765
2.07	286.56516918227607
2.08	306.70598593671434
2.09	329.6190833750424
2.1	352.7291086838447
2.11	371.9910538851045
2.12	378.8172990553215
2.13	357.292163673263
2.14	298.00947062384506
2.15	219.34351354398967
2.16	147.0331182624297
2.17	88.6849807446763
2.18	41.56357707993331
2.19	3.223024202427792
2.2	-30.25674609775447
2.21	-53.7499747254712
2.22	-64.25673370010024
2.23	-69.14003972781667
2.24	-74.5924401504055
2.25	-78.93002773789948
2.26	-81.26795825762956
2.27	-85.27898297010438
2.28	-92.28330126643222
2.29	-98.31094860349396
2.3	-102.91552555286516
2.31	-107.67747642858855
2.32	-109.11718698088407
2.33	-105.88782226736775
2.34	-99.95921733920324
2.35	-94.44432231487134
2.36	-92.34138894873313
2.37	-92.7656100501929
2.38	-95.9664662121645
2.39	-108.38664091642491
2.4	-121.2714202826048
2.41	-117.55016685911775
2.42	-98.93245774626735
2.43	-65.05420237512476
2.44	-26.04648001947246
2.45	-0.13416368461536815
2.46	12.844346384327467
2.47	18.73238573893705
2.48	25.59883720231975
2.49	34.220697626739906
2.5	41.84473185408912
2.51	44.33395906132902
2.52	42.22814731697141
2.53	40.35035220609245
2.54	45.12129829529286
2.55	48.8408025594734
2.56	52.14896274639802
2.57	58.10257340299629
2.58	57.83089633244308
2.59	57.10616854862498
2.6	67.98320105650443
2.61	82.43328154887503
2.62	93.55643538975495
2.63	98.45338184354128
2.64	95.73813384683444
2.65	94.54306959023565
2.66	92.46208523731934
2.67	87.61831313780802
2.68	78.3650340259279
2.69	65.38833308232009
2.7	49.36498233741112
2.71	33.16785915655356
2.72	23.200356409613548
2.73	12.651257962154236
2.74	-3.051671156475041
2.75	-18.667485246333467
2.76	-30.41847905552827
2.77	-34.965473504025695
2.78	-27.026692693492873
2.79	-3.678922514717879
2.8	36.6460040856707
2.81	89.72316238700925
2.82	138.19677996043478
2.83	169.82955775165297
2.84	179.8435878210528
2.85	171.61303297130772
2.86	158.50821150150918
2.87	145.24411748867115
2.88	131.68539829905234
2.89	119.65124575019705
2.9	109.01899142382095
2.91	97.15757496706435
2.92	85.38460608819842
2.93	75.41546214806264
2.94	67.2224884619951
2.95	59.75078366919266
2.96	53.38974613761309
2.97	47.83586119278566
2.98	42.74754903816092
2.99	38.739149646533235
3.0	35.33348513798995
3.01	31.219313634686447
3.02	26.381364709559882
3.03	22.23169307698
3.04	18.98983609668185
3.05	15.388166456528023
3.06	11.068097093141223
3.07	6.768510689426312
3.08	3.0879495442192972
3.09	1.755520226991131
3.1	3.11569997417267
3.11	10.975239118281975
3.12	22.848195720358245
3.13	34.65531410313609
3.14	43.4596349144864
3.15	48.257259450486515
3.16	50.473023824375524
3.17	51.26830500586281
3.18	50.647382187164695
3.19	47.30661543608995
3.2	42.278141098339084
3.21	37.17716285698013
3.22	32.407186199006595
3.23	30.189518999245575
3.24	28.1181131148194
3.25	24.254515374827488
3.26	20.194332107733537
3.27	16.809132698258143
3.28	15.112431963767671
3.29	14.563221911796933
3.3	15.221797827820359
3.31	16.345042651353783
3.32	17.12968753379592
3.33	18.911469059280773
3.34	21.42269536908262
3.35	23.499103866260654
3.36	23.7949189448894
3.37	23.136679732912757
3.38	23.16873009816783
3.39	23.793011399188877
3.4	24.592529588580007
3.41	26.116261350925154
3.42	29.05352083666005
3.43	32.71829847844183
3.44	35.90809773988582
3.45	38.74813470473808
3.46	41.95906824143725
3.47	46.16368939549203
3.48	52.18167451746733
3.49	59.31263542515144
3.5	63.56370536502664
3.51	65.3501817921485
3.52	65.96555572649828
3.53	63.642588479516135
3.54	60.000615763815205
3.55	55.91027647984337
3.56	50.16670527883485
3.57	42.77818344815436
3.58	32.93230719844049
3.59	21.84010113063669
3.6	8.356815947548853
3.61	-15.239216888876296
3.62	-58.720799509460825
3.63	-112.03678285062615
3.64	-141.56083512911943
3.65	-142.6557225714978
3.66	-133.91513720199984
3.67	-126.24479573623421
3.68	-121.43830520358034
3.69	-119.6047202245098
3.7	-122.35327949778353
3.71	-131.6018714673898
3.72	-142.3495486284406
3.73	-147.1751972707733
3.74	-147.2940136240723
3.75	-144.95734578161816
3.76	-141.45453074034592
3.77	-136.94524369084937
3.78	-132.04743479355744
3.79	-127.45798396180277
3.8	-124.47291999244857
3.81	-121.72461937647303
3.82	-119.42379923844805
3.83	-117.73879937771936
3.84	-116.38133655561141
3.85	-115.38504939116693
3.86	-115.07367826257277
3.87	-114.82942836322215
3.88	-114.89167296892829
3.89	-116.45498832518415
3.9	-117.32026102742732
3.91	-113.80435297227233
3.92	-104.61267135302451
3.93	-93.50257281078936
3.94	-86.87095281109907
3.95	-87.25052939944064
3.96	-87.77435321222758
3.97	-85.29674506204921
3.98	-81.33065072145632
3.99	-76.56698125045835
4.0	-73.32724470127391
4.01	-71.40983148679679
4.02	-70.66374352079642
4.03	-71.38398155115088
4.04	-73.04983107002172
4.05	-75.01876379233657
4.06	-76.00323170413093
4.07	-76.55492085220655
4.08	-77.22308925063795
4.09	-77.82935150074172
4.1	-78.97965150429866
4.11	-81.30909195779238
4.12	-81.47438394769837
4.13	-79.74037994428969
4.14	-78.94559924190082
4.15	-79.0958100457481
4.16	-78.32816479650107
4.17	-77.38702455844769
4.18	-75.59168175270507
4.19	-73.59887142851666
4.2	-72.17027599562702
4.21	-71.74929082575426
4.22	-71.74629268990734
4.23	-71.815760439785
4.24	-72.83034664320319
4.25	-75.55573564685818
4.26	-78.78871341975236
4.27	-81.50778965990028
4.28	-83.85970629945105
4.29	-84.62955095996202
4.3	-79.68996187765804
4.31	-61.66809963704505
4.32	-28.431398474182313
4.33	8.482599831375667
4.34	26.10377819767696
4.35	24.825082653973794
4.36	17.780667067489563
4.37	6.753754720186208
4.38	-5.34374510104367
4.39	-14.154658545476304
4.4	-20.680281973966217
4.41	-27.896370521159504
4.42	-35.39407896772361
4.43	-41.090787263065195
4.44	-45.63579625958564
4.45	-49.958146303575205
4.46	-53.566369899941606
4.47	-56.811384081650374
4.48	-58.47386777163453
4.49	-60.98129920916809
4.5	-62.12076929291701
4.51	-64.8494341164131
4.52	-67.80007409366215
4.53	-69.8095677250209
4.54	-71.34343478629718
4.55	-71.4155341371783
4.56	-70.2790219184006
4.57	-67.95600620492007
4.58	-65.30285171714844
4.59	-65.52898151830908
4.6	-68.38384800409513
4.61	-75.26468173283507
4.62	-84.39862887421135
4.63	-92.55762495635413
4.64	-92.693215653419
4.65	-91.80780052617591
4.66	-93.91355941708028
4.67	-97.08294379668523
4.68	-98.61844078467212
4.69	-90.24314471653148
4.7	-74.6386766990846
4.71	-60.40956380849718
4.72	-49.345845060626175
4.73	-43.73523501140005
4.74	-42.76568144615576
4.75	-41.770015423651394
4.76	-37.82009923862526
4.77	-30.63173469203105
4.78	-23.37277871358715
4.79	-16.399461945811083
4.8	-8.477142391373121
4.81	-2.5759825160448715
4.82	0.8840557177665064
4.83	4.895628344829234
4.84	8.18215694316575
4.85	5.958553132345837
4.86	-0.2779613023387172
4.87	-7.41588780264784
4.88	-16.151788601043403
4.89	-25.25396097883151
4.9	-32.9748364059727
4.91	-34.60450802170386
4.92	-29.624857065838757
4.93	-23.316175561054493
4.94	-19.558742633877255
4.95	-17.05103461301634
4.96	-13.977453437049524
4.97	-12.237410444501668
4.98	-11.241150266751792
4.99	-11.932819892586028
5.0	-14.516540860107506
5.01	-16.833698991694984
5.02	-18.755720215560352
5.03	-21.40514543070621
5.04	-25.541828975929356
5.05	-30.12923305307387
5.06	-32.95228235243148
5.07	-33.8030478924894
5.08	-34.2386946566434
5.09	-31.131493638888
5.1	-25.872314665778802
5.11	-20.471406724495814
5.12	-14.341520307839492
5.13	-7.781284948513736
5.14	0.49008587794887465
5.15	12.8746517681307
5.16	26.34288834394857
5.17	34.12822213125023
5.18	34.443730002576345
5.19	30.80302355467972
5.2	25.520598483788582
5.21	19.477642395852346
5.22	17.69438124818283
5.23	21.012785849059966
5.24	24.722232824115526
5.25	25.701137755534887
5.26	26.07558835444961
5.27	25.458927249825507
5.28	25.1866503087854
5.29	24.376704995634512
5.3	22.538542832393993
5.31	17.86215107148607
5.32	10.704198968687527
5.33	6.39737341158734
5.34	1.091551648041326
5.35	-2.083408508730872
5.36	-0.8516604848223986
5.37	-1.7396543726370097
5.38	-1.9547373440962736
5.39	0.40608409332450585
5.4	1.3711551090149685
5.41	4.4847399619331725
5.42	9.587416979267122
5.43	13.943928268736238
5.44	18.924901198932112
5.45	22.413661292028955
5.46	21.49188755893926
5.47	18.543816280566336
5.48	15.652102036127104
5.49	12.216830106659398
5.5	7.8334643209436585
5.51	1.902878281817883
5.52	-3.5418200342940565
5.53	-3.9392398962933695
5.54	-0.5657693891758881
5.55	2.4734657008564342
5.56	3.254344501017586
5.57	2.650450007260972
5.58	1.5038388754100909
5.59	0.13843158206302117
5.6	-1.2930512068993023
5.61	-3.0363033649101983
5.62	-4.357660146582677
5.63	-3.79411190169401
5.64	-3.263264575040501
5.65	-2.585222693038206
5.66	-1.1167882282014316
5.67	0.21803143339510275
5.68	0.5748132719926297
5.69	-0.09826815179418755
5.7	-0.31156683780172506
5.71	5.335213954304766
5.72	13.756243372318627
5.73	18.45750647812328
5.74	17.629674007374003
5.75	10.493420895262972
5.76	0.47146221397432553
5.77	-5.738801028512671
5.78	-4.466244426639017
5.79	3.522132337914103
5.8	17.064323135396567
5.81	36.0238034427984
5.82	61.93472589218493
5.83	87.01264353271236
5.84	97.01167620685003
5.85	95.22477943579912
5.86	87.88878873293451
5.87	78.57212404774876
5.88	69.74676772975987
5.89	64.57008805546988
5.9	61.84011500937885
5.91	64.34718432808485
5.92	72.8821398060639
5.93	78.36428804998413
5.94	70.70018646849189
5.95	52.41586426568463
5.96	36.93785038040805
5.97	27.328137643008052
5.98	23.58128357005656
5.99	20.329414451981737
6.0	15.372662999109277
