 Eigenvalues (   eV  ) for nkpt=  89  k points:
 kpt#   1, nband= 60, wtk=  1.00000, kpt=  0.0000  0.0000  0.0000 (reduced coord)
 -27.53503  -27.53503  -26.95490  -26.95490  -26.64758  -26.64758  -26.50247  -26.50247
 -26.28915  -26.28915  -26.15252  -26.15252  -25.96979  -25.96979  -25.87585  -25.87585
 -25.85078  -25.85078  -25.57883  -25.57883  -15.73493  -15.73493  -14.06434  -14.06434
  -9.48738   -9.48738   -6.87988   -6.87988   -5.95809   -5.95809   -5.20317   -5.20317
  -4.59280   -4.59280   -3.32335   -3.32335   -3.24056   -3.24056   -1.91242   -1.91242
   0.01781    0.01781    1.14672    1.14672    1.64776    1.64776    2.48460    2.48460
   2.55186    2.55186    3.40256    3.40256    3.57002    3.57002    4.24854    4.24854
   4.73995    4.73995    5.44923    5.44923
 kpt#   2, nband= 60, wtk=  1.00000, kpt=  0.0000  0.0208  0.0000 (reduced coord)
 -27.59336  -27.59193  -26.94510  -26.94425  -26.65876  -26.65646  -26.49324  -26.49302
 -26.29718  -26.29488  -26.14044  -26.13740  -26.01875  -26.01786  -25.95567  -25.95421
 -25.87770  -25.87676  -25.60512  -25.60480  -15.73162  -15.73148  -14.06273  -14.06226
  -9.49057   -9.48994   -6.88772   -6.88754   -5.95504   -5.95487   -5.20469   -5.19795
  -4.60774   -4.59865   -3.36736   -3.30241   -3.26699   -3.19872   -1.91456   -1.91386
   0.02126    0.02130    1.16455    1.16665    1.63687    1.66327    2.46992    2.48817
   2.51661    2.56974    3.40669    3.40712    3.57414    3.57668    4.22192    4.23625
   4.74358    4.74478    5.45288    5.45395
 kpt#   3, nband= 60, wtk=  1.00000, kpt=  0.0000  0.0417  0.0000 (reduced coord)
 -27.25910  -27.25548  -26.90150  -26.90061  -26.45458  -26.45017  -26.43809  -26.43534
 -26.04933  -26.04678  -25.96170  -25.95827  -25.87028  -25.86202  -25.65132  -25.64055
 -25.57601  -25.57419  -25.44611  -25.44426  -15.72157  -15.72128  -14.05738  -14.05643
  -9.49928   -9.49803   -6.91099   -6.91062   -5.94551   -5.94514   -5.20206   -5.18822
  -4.63354   -4.61504   -3.41579   -3.34700   -3.23463   -3.15936   -1.91993   -1.91855
   0.03209    0.03218    1.22915    1.23401    1.62575    1.68119    2.42616    2.44321
   2.52363    2.57810    3.41996    3.42073    3.58828    3.59331    4.16268    4.19127
   4.75489    4.75729    5.46594    5.46803
 kpt#   4, nband= 60, wtk=  1.00000, kpt=  0.0000  0.0625  0.0000 (reduced coord)
 -27.26933  -27.26799  -26.90523  -26.90464  -26.48191  -26.47809  -26.46233  -26.45932
 -26.07782  -26.07208  -26.05771  -26.05484  -25.92941  -25.92268  -25.86441  -25.85539
 -25.64876  -25.64435  -25.58133  -25.57542  -15.70498  -15.70454  -14.04855  -14.04715
  -9.51390   -9.51203   -6.95002   -6.94945   -5.93010   -5.92950   -5.19800   -5.17595
  -4.67723   -4.64844   -3.46816   -3.40326   -3.19806   -3.12381   -1.93012   -1.92812
   0.04930    0.04947    1.32307    1.33182    1.60173    1.68922    2.33530    2.40114
   2.54872    2.59266    3.44195    3.44287    3.60904    3.61630    4.06859    4.11194
   4.77079    4.77442    5.48490    5.48808
 kpt#   5, nband= 60, wtk=  1.00000, kpt=  0.0000  0.0833  0.0000 (reduced coord)
 -27.24356  -27.23666  -27.07018  -27.06664  -26.45943  -26.45311  -26.30183  -26.29176
 -26.11418  -26.11350  -25.96046  -25.95161  -25.86868  -25.85505  -25.78746  -25.76847
 -25.71189  -25.70858  -25.52981  -25.52278  -15.68168  -15.68111  -14.03635  -14.03450
  -9.53431   -9.53183   -7.00480   -7.00400   -5.90824   -5.90734   -5.19319   -5.16150
  -4.72910   -4.68891   -3.52196   -3.46219   -3.16126   -3.08959   -1.94449   -1.94191
   0.07430    0.07464    1.44596    1.46016    1.55111    1.66687    2.25045    2.35648
   2.58296    2.61969    3.47307    3.47400    3.63397    3.64269    3.95115    4.00965
   4.78835    4.79321    5.50913    5.51382
 kpt#   6, nband= 60, wtk=  1.00000, kpt=  0.0000  0.1042  0.0000 (reduced coord)
 -27.29085  -27.28811  -26.88670  -26.87822  -26.66572  -26.66236  -26.51807  -26.51080
 -26.21817  -26.19714  -26.04983  -26.03919  -25.95907  -25.95492  -25.88752  -25.87262
 -25.78589  -25.78069  -25.74492  -25.72434  -15.65197  -15.65127  -14.02121  -14.01893
  -9.56049   -9.55742   -7.07535   -7.07430   -5.88067   -5.87942   -5.19117   -5.14882
  -4.78000   -4.72771   -3.57553   -3.52126   -3.12492   -3.05663   -1.96557   -1.96246
   0.10561    0.10624    1.46205    1.58526    1.59266    1.61004    2.19323    2.31983
   2.62551    2.65704    3.51282    3.51371    3.66154    3.66802    3.82025    3.89283
   4.80552    4.81169    5.52547    5.53362
 kpt#   7, nband= 60, wtk=  1.00000, kpt=  0.0000  0.1250  0.0000 (reduced coord)
 -27.07639  -27.07619  -26.77857  -26.77042  -26.62531  -26.62402  -26.39728  -26.38294
 -26.14460  -26.12493  -25.94977  -25.94544  -25.89390  -25.87228  -25.77866  -25.74397
 -25.69232  -25.67299  -25.58654  -25.58222  -15.61575  -15.61493  -14.00340  -14.00069
  -9.59214   -9.58851   -7.16130   -7.16000   -5.84699   -5.84537   -5.19470   -5.14262
  -4.82060   -4.75743   -3.62590   -3.57697   -3.08841   -3.02383   -1.98969   -1.98611
   0.14444    0.14552    1.33756    1.46259    1.73289    1.76900    2.16295    2.29066
   2.67494    2.70182    3.56103    3.56246    3.64407    3.68748    3.73255    3.77432
   4.82121    4.82870    5.49222    5.50815
 kpt#   8, nband= 60, wtk=  1.00000, kpt=  0.0000  0.1458  0.0000 (reduced coord)
 -27.13025  -27.12666  -27.06018  -27.05138  -26.84348  -26.84072  -26.49777  -26.48435
 -26.35107  -26.33648  -26.20874  -26.17577  -26.11968  -26.09845  -25.97240  -25.96001
 -25.78370  -25.77737  -25.73533  -25.72521  -15.57342  -15.57248  -13.98355  -13.98045
  -9.62932   -9.62516   -7.26267   -7.26110   -5.80822   -5.80617   -5.20919   -5.15208
  -4.84219   -4.77310   -3.67678   -3.63312   -3.05310   -2.99250   -2.01987   -2.01584
   0.18959    0.19142    1.18257    1.29572    1.85968    1.91237    2.13606    2.25547
   2.73032    2.75272    3.51553    3.61888    3.62142    3.65004    3.72388    3.74624
   4.83562    4.84445    5.37001    5.39131
 kpt#   9, nband= 60, wtk=  1.00000, kpt=  0.0000  0.1667  0.0000 (reduced coord)
 -27.05089  -27.04916  -26.91436  -26.90710  -26.69383  -26.69285  -26.42741  -26.40637
 -26.27849  -26.27351  -26.10264  -26.07675  -26.03860  -26.01137  -25.88351  -25.87746
 -25.74089  -25.72320  -25.70012  -25.69133  -15.52483  -15.52379  -13.96219  -13.95873
  -9.67095   -9.66631   -7.37779   -7.37595   -5.76313   -5.76060   -5.23118   -5.17625
  -4.83525   -4.76778   -3.71647   -3.67756   -3.01651   -2.95985   -2.05519   -2.05074
   0.24162    0.24467    1.01588    1.11565    1.95181    2.02380    2.09674    2.20485
   2.79135    2.80972    3.39307    3.55195    3.68556    3.68740    3.74625    3.77019
   4.85233    4.86227    5.24518    5.26850
 kpt#  10, nband= 60, wtk=  1.00000, kpt=  0.0000  0.1875  0.0000 (reduced coord)
 -26.98386  -26.97075  -26.93866  -26.93203  -26.69740  -26.69189  -26.39560  -26.37281
 -26.28870  -26.27964  -26.12193  -26.11254  -26.00587  -25.99556  -25.92603  -25.91945
 -25.77487  -25.76240  -25.68801  -25.68589  -15.47033  -15.46919  -13.94024  -13.93645
  -9.71709   -9.71202   -7.50575   -7.50366   -5.71327   -5.71019   -5.26032   -5.21186
  -4.80695   -4.74558   -3.74990   -3.71539   -2.98063   -2.92796   -2.09797   -2.09311
   0.29880    0.30420    0.84455    0.93163    1.98599    2.03553    2.07642    2.13025
   2.85705    2.87226    3.28956    3.46588    3.75125    3.76281    3.77421    3.78938
   4.87304    4.88323    5.16656    5.18862
 kpt#  11, nband= 60, wtk=  1.00000, kpt=  0.0000  0.2083  0.0000 (reduced coord)
 -26.99519  -26.99374  -26.88933  -26.88571  -26.74139  -26.73748  -26.49017  -26.47427
 -26.34286  -26.34205  -26.23167  -26.21412  -26.10411  -26.10101  -25.98816  -25.97840
 -25.88854  -25.88114  -25.82028  -25.81399  -15.41017  -15.40896  -13.91850  -13.91443
  -9.76597   -9.76054   -7.64516   -7.64285   -5.65894   -5.65527   -5.28941   -5.24810
  -4.76273   -4.70839   -3.77819   -3.74778   -2.94711   -2.89849   -2.14555   -2.14024
   0.35856    0.36982    0.67652    0.74969    1.93366    1.97050    2.02918    2.05703
   2.92628    2.93918    3.20044    3.37786    3.77258    3.80086    3.84655    3.84840
   4.90086    4.90938    5.16372    5.18027
 kpt#  12, nband= 60, wtk=  1.00000, kpt=  0.0000  0.2292  0.0000 (reduced coord)
 -27.00661  -27.00329  -26.85922  -26.85066  -26.71129  -26.70436  -26.38013  -26.35817
 -26.30554  -26.29372  -26.15273  -26.12762  -25.97606  -25.96809  -25.94910  -25.92571
 -25.76911  -25.75703  -25.71022  -25.70947  -15.34443  -15.34316  -13.89798  -13.89370
  -9.81624   -9.81053   -7.79374   -7.79124   -5.59996   -5.59562   -5.31401   -5.27898
  -4.70770   -4.65975   -3.79732   -3.77070   -2.91518   -2.87068   -2.19815   -2.19237
   0.39972    0.43890    0.54227    0.58142    1.82581    1.88786    1.91049    1.97376
   2.99670    3.00671    3.10741    3.26848    3.77854    3.80390    3.93844    3.93918
   4.93888    4.94434    5.25583    5.26320
 kpt#  13, nband= 60, wtk=  1.00000, kpt=  0.0000  0.2500  0.0000 (reduced coord)
 -27.02191  -27.01424  -26.88119  -26.86863  -26.79998  -26.78651  -26.43176  -26.42290
 -26.34832  -26.34228  -26.27516  -26.25276  -26.07407  -26.05745  -26.05274  -26.04700
 -25.81614  -25.81380  -25.78394  -25.77595  -15.27365  -15.27234  -13.87993  -13.87548
  -9.86639   -9.86050   -7.95023   -7.94757   -5.53786   -5.53269   -5.33162   -5.30169
  -4.64560   -4.60311   -3.81176   -3.78881   -2.88788   -2.84776   -2.25739   -2.25109
   0.32004    0.40833    0.53028    0.54437    1.69907    1.77071    1.77700    1.84824
   2.97953    3.06271    3.08164    3.12748    3.77936    3.80094    4.03735    4.03764
   4.98718    4.99014    5.42860    5.43210
 kpt#  14, nband= 60, wtk=  1.00000, kpt=  0.0000  0.2708  0.0000 (reduced coord)
 -26.81825  -26.80733  -26.75664  -26.74011  -26.65736  -26.63556  -26.33053  -26.31416
 -26.18464  -26.16743  -26.06507  -26.04715  -25.93619  -25.93411  -25.83573  -25.81962
 -25.57481  -25.56708  -25.54507  -25.54491  -15.19800  -15.19668  -13.86542  -13.86089
  -9.91405   -9.90809   -8.11170   -8.10894   -5.47162   -5.46539   -5.33884   -5.31286
  -4.57722   -4.53937   -3.81924   -3.79986   -2.86482   -2.82929   -2.31991   -2.31303
   0.19362    0.27186    0.60792    0.61425    1.56313    1.63620    1.63707    1.70290
   2.83621    2.95945    3.11756    3.13524    3.78373    3.80050    4.14443    4.14449
   5.04740    5.04878    5.65651    5.66819
 kpt#  15, nband= 60, wtk=  1.00000, kpt=  0.0000  0.2917  0.0000 (reduced coord)
 -26.80237  -26.79631  -26.76483  -26.74698  -26.66235  -26.64384  -26.33711  -26.32418
 -26.15964  -26.15601  -26.04558  -26.01755  -25.89786  -25.87710  -25.82272  -25.80253
 -25.60911  -25.59899  -25.59335  -25.59188  -15.11810  -15.11678  -13.85593  -13.85139
  -9.95724   -9.95132   -8.27675   -8.27394   -5.40493   -5.39702   -5.33640   -5.31306
  -4.50594   -4.47217   -3.82490   -3.80914   -2.84855   -2.81800   -2.38792   -2.38033
   0.07840    0.15143    0.68811    0.68938    1.42132    1.49402    1.49608    1.55116
   2.66712    2.77162    3.14607    3.16638    3.80418    3.81551    4.25758    4.25766
   5.11905    5.11946    5.86889    5.87751
 kpt#  16, nband= 60, wtk=  1.00000, kpt=  0.0000  0.3125  0.0000 (reduced coord)
 -26.72616  -26.71195  -26.69386  -26.68963  -26.54978  -26.54692  -26.23669  -26.22205
 -26.19091  -26.17495  -26.03108  -26.00123  -25.77725  -25.75618  -25.68846  -25.65789
 -25.61399  -25.60862  -25.48360  -25.46956  -15.03427  -15.03299  -13.85270  -13.84825
  -9.99347   -9.98772   -8.44301   -8.44022   -5.33962   -5.32840   -5.32190   -5.29907
  -4.43252   -4.40252   -3.82647   -3.81448   -2.83849   -2.81332   -2.45949   -2.45103
  -0.01480    0.05485    0.75584    0.76001    1.28372    1.35802    1.36864    1.41260
   2.48721    2.57646    3.13749    3.16043    3.85297    3.85941    4.37779    4.37795
   5.20163    5.20183    5.93391    5.93509
 kpt#  17, nband= 60, wtk=  1.00000, kpt=  0.0000  0.3333  0.0000 (reduced coord)
 -26.61639  -26.60690  -26.55911  -26.55120  -26.38103  -26.37826  -26.10037  -26.09454
 -26.05161  -26.04375  -25.88504  -25.85640  -25.59895  -25.58704  -25.47074  -25.45974
 -25.33325  -25.32396  -25.29074  -25.28505  -14.94710  -14.94589  -13.85691  -13.85262
 -10.02020  -10.01473   -8.60912   -8.60640   -5.30009   -5.29226   -5.25524   -5.25482
  -4.35751   -4.33111   -3.82905   -3.82090   -2.83619   -2.81661   -2.53320   -2.52368
  -0.08682   -0.01945    0.79144    0.80145    1.15812    1.23040    1.27951    1.31831
   2.30107    2.37772    3.09135    3.11567    3.93450    3.93762    4.50334    4.50360
   5.29433    5.29491    5.91635    5.91918
 kpt#  18, nband= 60, wtk=  1.00000, kpt=  0.0000  0.3542  0.0000 (reduced coord)
 -26.61204  -26.60434  -26.51003  -26.49744  -26.30557  -26.29516  -26.24056  -26.23039
 -26.02957  -26.02923  -25.93649  -25.92418  -25.73874  -25.73461  -25.59857  -25.59629
 -25.44655  -25.44295  -25.35557  -25.34880  -14.85730  -14.85619  -13.86981  -13.86578
 -10.03573  -10.03066   -8.77326   -8.77068   -5.26816   -5.25896   -5.19251   -5.18826
  -4.28295   -4.26029   -3.83396   -3.82977   -2.84148   -2.82777   -2.60662   -2.59583
  -0.13558   -0.07003    0.76251    0.77367    1.05243    1.11660    1.26023    1.29681
   2.10775    2.17427    3.01082    3.03535    4.04341    4.04465    4.63315    4.63350
   5.39406    5.39484    5.89013    5.89297
 kpt#  19, nband= 60, wtk=  1.00000, kpt=  0.0000  0.3750  0.0000 (reduced coord)
 -26.76437  -26.75377  -26.66965  -26.66184  -26.45843  -26.45210  -26.35028  -26.32853
 -26.11925  -26.11453  -26.06293  -26.06111  -25.75982  -25.75846  -25.66815  -25.66566
 -25.46195  -25.46020  -25.31759  -25.31640  -14.76553  -14.76457  -13.89225  -13.88857
 -10.03802  -10.03345   -8.93333   -8.93098   -5.22982   -5.22190   -5.13181   -5.12588
  -4.21243   -4.19356   -3.84139   -3.84116   -2.85202   -2.84424   -2.67818   -2.66584
  -0.16160   -0.09804    0.67366    0.68229    0.96752    1.02173    1.31440    1.34768
   1.92031    1.97837    2.90755    2.93158    4.17294    4.17316    4.76561    4.76608
   5.49811    5.49895    5.86688    5.86932
 kpt#  20, nband= 60, wtk=  1.00000, kpt=  0.0000  0.3958  0.0000 (reduced coord)
 -26.94291  -26.93740  -26.70050  -26.69261  -26.52012  -26.51875  -26.30667  -26.28056
 -26.21551  -26.20249  -25.96168  -25.95545  -25.73014  -25.72746  -25.67545  -25.67317
 -25.26867  -25.26522  -25.19385  -25.19287  -14.67248  -14.67171  -13.92467  -13.92141
 -10.02546  -10.02149   -9.08752   -9.08547   -5.18624   -5.18015   -5.07644   -5.06950
  -4.14622   -4.13144   -3.85463   -3.85107   -2.86543   -2.86342   -2.74448   -2.73033
  -0.16575   -0.10488    0.55770    0.56599    0.90655    0.95193    1.40678    1.43916
   1.73832    1.79026    2.78839    2.81159    4.31704    4.31737    4.89806    4.89867
   5.60173    5.60248    5.84891    5.85071
 kpt#  21, nband= 60, wtk=  1.00000, kpt=  0.0000  0.4167  0.0000 (reduced coord)
 -26.94142  -26.93601  -26.75446  -26.74084  -26.64656  -26.63488  -26.35880  -26.34304
 -26.21604  -26.21010  -25.96558  -25.96416  -25.74824  -25.74724  -25.68792  -25.68711
 -25.14280  -25.14190  -25.12563  -25.12281  -14.57918  -14.57866  -13.96712  -13.96431
  -9.99719   -9.99388   -9.23469   -9.23302   -5.13924   -5.13516   -5.03130   -5.02384
  -4.08657   -4.07622   -3.87109   -3.86435   -2.88407   -2.88075   -2.80373   -2.78764
  -0.15285   -0.09570    0.43709    0.44771    0.87163    0.90881    1.49635    1.52620
   1.59777    1.64085    2.65804    2.68035    4.47175    4.47242    5.02347    5.02419
   5.69917    5.69968    5.82644    5.82746
 kpt#  22, nband= 60, wtk=  1.00000, kpt=  0.0000  0.4375  0.0000 (reduced coord)
 -26.89502  -26.89031  -26.74730  -26.73823  -26.60013  -26.59495  -26.40354  -26.39586
 -26.11612  -26.11245  -26.01437  -26.01296  -25.67682  -25.67493  -25.59855  -25.59225
 -25.16227  -25.15669  -25.14453  -25.14192  -14.48672  -14.48648  -14.01936  -14.01703
  -9.95263   -9.95001   -9.37323   -9.37200   -5.09202   -5.09007   -4.99814   -4.99061
  -4.03522   -4.02957   -3.88762   -3.87867   -2.90269   -2.89468   -2.85312   -2.83516
  -0.12380   -0.07134    0.32200    0.33664    0.86757    0.89630    1.40351    1.41939
   1.68142    1.69128    2.51953    2.54096    4.63318    4.63405    5.13047    5.13122
   5.78052    5.78079    5.79894    5.79944
 kpt#  23, nband= 60, wtk=  1.00000, kpt=  0.0000  0.4583  0.0000 (reduced coord)
 -27.02300  -27.01994  -26.93543  -26.93069  -26.65456  -26.64898  -26.59044  -26.58465
 -26.17813  -26.17627  -25.99301  -25.99006  -25.77362  -25.77060  -25.67295  -25.66208
 -25.27568  -25.26695  -25.13078  -25.12714  -14.39636  -14.39627  -14.08076  -14.07893
  -9.89194   -9.89003   -9.50198   -9.50128   -5.04847   -5.04825   -4.98008   -4.97307
  -3.99339   -3.99246   -3.90586   -3.89601   -2.91833   -2.90623   -2.89093   -2.87171
  -0.08195   -0.03556    0.21639    0.23620    0.89307    0.91276    1.26227    1.27648
   1.80798    1.82401    2.37686    2.39743    4.79635    4.79732    5.19418    5.19464
   5.77543    5.77548    5.83336    5.83401
 kpt#  24, nband= 60, wtk=  1.00000, kpt=  0.0000  0.4792  0.0000 (reduced coord)
 -26.94469  -26.93833  -26.90526  -26.89611  -26.59272  -26.58703  -26.58062  -26.57493
 -26.28621  -26.28495  -26.27530  -26.27434  -25.82660  -25.81740  -25.80761  -25.79700
 -25.30118  -25.29173  -25.25754  -25.24957  -14.30943  -14.30896  -14.15037  -14.14903
  -9.81562   -9.81442   -9.61941   -9.61929   -5.01267   -5.01027   -4.97611   -4.97018
  -3.96331   -3.95981   -3.92283   -3.91360   -2.92752   -2.91583   -2.91205   -2.89647
  -0.02614    0.01339    0.12270    0.14865    0.95154    0.96186    1.13976    1.14692
   1.94656    1.96435    2.23269    2.25240    4.95325    4.95419    5.18105    5.18122
   5.78209    5.78255    5.84401    5.84510
 kpt#  25, nband= 60, wtk=  1.00000, kpt=  0.0000  0.5000  0.0000 (reduced coord)
 -26.83455  -26.83455  -26.82375  -26.82375  -26.55868  -26.55868  -26.54832  -26.54832
 -26.23809  -26.23809  -26.23108  -26.23108  -25.80826  -25.80826  -25.79692  -25.79692
 -25.23765  -25.23765  -25.22833  -25.22833  -14.22720  -14.22720  -14.22590  -14.22590
  -9.72435   -9.72435   -9.72382   -9.72382   -4.98742   -4.98742   -4.98294   -4.98294
  -3.94075   -3.94075   -3.93365   -3.93365   -2.92725   -2.92725   -2.90923   -2.90923
   0.04238    0.04238    0.07501    0.07501    1.03750    1.03750    1.03911    1.03911
   2.08877    2.08877    2.10762    2.10762    5.09012    5.09012    5.09145    5.09145
   5.81736    5.81736    5.81846    5.81846
 kpt#  26, nband= 60, wtk=  1.00000, kpt=  0.0250  0.5000  0.0000 (reduced coord)
 -26.96824  -26.95776  -26.95152  -26.94090  -26.66137  -26.65314  -26.63295  -26.62142
 -26.27566  -26.26825  -26.26214  -26.25527  -25.75595  -25.75183  -25.74316  -25.74283
 -25.23570  -25.23472  -25.22773  -25.22422  -14.22637  -14.22614  -14.22507  -14.22480
  -9.72320   -9.72290   -9.72268   -9.72238   -4.99958   -4.99691   -4.99561   -4.99150
  -3.95605   -3.95204   -3.95126   -3.94229   -2.92621   -2.91578   -2.90644   -2.90078
   0.02810    0.04541    0.06696    0.06908    1.06827    1.07409    1.07523    1.08121
   2.08753    2.09097    2.10658    2.10988    5.09056    5.09056    5.09171    5.09212
   5.81498    5.81563    5.81600    5.81706
 kpt#  27, nband= 60, wtk=  1.00000, kpt=  0.0500  0.5000  0.0000 (reduced coord)
 -27.04976  -27.04081  -27.01482  -27.00498  -26.66804  -26.66079  -26.60904  -26.59872
 -26.31754  -26.31013  -26.30471  -26.29619  -25.82143  -25.81729  -25.81190  -25.80164
 -25.30648  -25.30434  -25.29783  -25.29096  -14.22358  -14.22317  -14.22221  -14.22172
  -9.71940   -9.71893   -9.71875   -9.71828   -5.03019   -5.02692   -5.02460   -5.01848
  -3.99382   -3.99222   -3.98528   -3.97440   -2.91431   -2.89460   -2.89417   -2.88334
   0.01269    0.04413    0.05447    0.05823    1.16700    1.18025    1.18205    1.18979
   2.08886    2.09575    2.10836    2.11493    5.09170    5.09185    5.09288    5.09362
   5.80956    5.81001    5.81111    5.81253
 kpt#  28, nband= 60, wtk=  1.00000, kpt=  0.0750  0.5000  0.0000 (reduced coord)
 -27.00247  -26.99297  -26.97383  -26.96289  -26.59216  -26.58514  -26.54812  -26.53651
 -26.26194  -26.26012  -26.25285  -26.25240  -25.88902  -25.88217  -25.87998  -25.86591
 -25.33806  -25.33349  -25.32949  -25.31978  -14.21892  -14.21837  -14.21740  -14.21674
  -9.71306   -9.71262   -9.71212   -9.71167   -5.07927   -5.07611   -5.07125   -5.06404
  -4.04948   -4.04896   -4.03680   -4.02486   -2.89837   -2.87921   -2.87108   -2.86372
   0.01154    0.05351    0.05390    0.05881    1.32062    1.34045    1.34241    1.35016
   2.09179    2.10207    2.11217    2.12176    5.09251    5.09310    5.09408    5.09500
   5.80232    5.80240    5.80439    5.80610
 kpt#  29, nband= 60, wtk=  1.00000, kpt=  0.1000  0.5000  0.0000 (reduced coord)
 -26.92349  -26.91183  -26.87139  -26.85916  -26.55430  -26.54779  -26.44065  -26.42250
 -26.21983  -26.21319  -26.15978  -26.15099  -25.91861  -25.91744  -25.91221  -25.90453
 -25.33890  -25.33881  -25.33074  -25.32553  -14.21248  -14.21187  -14.21075  -14.20998
  -9.70425   -9.70386   -9.70300   -9.70260   -5.14306   -5.13976   -5.13292   -5.12458
  -4.11783   -4.11582   -4.10040   -4.08774   -2.88532   -2.86798   -2.85211   -2.84836
   0.03653    0.07866    0.08436    0.08640    1.51026    1.53565    1.53764    1.54451
   2.09687    2.11073    2.11872    2.13114    5.09141    5.09274    5.09366    5.09468
   5.79490    5.79575    5.79793    5.79989
 kpt#  30, nband= 60, wtk=  1.00000, kpt=  0.1250  0.5000  0.0000 (reduced coord)
 -26.78675  -26.77683  -26.77232  -26.75675  -26.49300  -26.48338  -26.44830  -26.43295
 -26.17759  -26.17119  -26.11683  -26.10970  -25.95565  -25.94151  -25.91276  -25.90947
 -25.29510  -25.29173  -25.28839  -25.27857  -14.20440  -14.20376  -14.20240  -14.20157
  -9.69333   -9.69302   -9.69178   -9.69145   -5.21877   -5.21519   -5.20680   -5.19746
  -4.19376   -4.19096   -4.17245   -4.15930   -2.88054   -2.86552   -2.84286   -2.84211
   0.09435    0.13593    0.14222    0.15064    1.72572    1.75731    1.75894    1.76502
   2.10424    2.12156    2.12903    2.14286    5.08658    5.08896    5.08970    5.09082
   5.79168    5.79349    5.79559    5.79768
 kpt#  31, nband= 60, wtk=  1.00000, kpt=  0.1500  0.5000  0.0000 (reduced coord)
 -26.88690  -26.88083  -26.87473  -26.86490  -26.56689  -26.56128  -26.51320  -26.50770
 -26.21190  -26.19739  -26.12050  -26.10384  -25.96721  -25.95894  -25.91202  -25.90055
 -25.31997  -25.31886  -25.31326  -25.30664  -14.19489  -14.19426  -14.19260  -14.19176
  -9.68043   -9.68018   -9.67859   -9.67832   -5.30441   -5.30048   -5.29101   -5.28077
  -4.27633   -4.27323   -4.25182   -4.23827   -2.88483   -2.87217   -2.84534   -2.84373
   0.18472    0.22626    0.23298    0.24682    1.94601    1.98828    1.98892    1.99611
   2.11918    2.13933    2.15141    2.16061    5.07642    5.08014    5.08053    5.08181
   5.79695    5.79978    5.80163    5.80364
 kpt#  32, nband= 60, wtk=  1.00000, kpt=  0.1750  0.5000  0.0000 (reduced coord)
 -26.80265  -26.79366  -26.76900  -26.76152  -26.52785  -26.51880  -26.46931  -26.45938
 -26.12598  -26.11955  -26.10095  -26.09076  -25.99764  -25.99639  -25.99042  -25.99014
 -25.21243  -25.21194  -25.20440  -25.20411  -14.18407  -14.18347  -14.18148  -14.18064
  -9.66594   -9.66579   -9.66383   -9.66363   -5.39406   -5.38962   -5.37949   -5.36846
  -4.36330   -4.36043   -4.33616   -4.32223   -2.89704   -2.88668   -2.85668   -2.85343
   0.30723    0.34955    0.35656    0.37512    2.09248    2.10456    2.12508    2.14903
   2.26154    2.26245    2.26494    2.27082    5.05938    5.06457    5.06459    5.06600
   5.81368    5.81751    5.81903    5.82071
 kpt#  33, nband= 60, wtk=  1.00000, kpt=  0.2000  0.5000  0.0000 (reduced coord)
 -26.87435  -26.86752  -26.84267  -26.83295  -26.58671  -26.58098  -26.51616  -26.50900
 -26.17330  -26.16720  -26.08498  -26.07135  -26.00002  -25.99035  -25.93873  -25.93327
 -25.33553  -25.33317  -25.32844  -25.32045  -14.17223  -14.17166  -14.16934  -14.16852
  -9.65027   -9.65021   -9.64789   -9.64777   -5.48517   -5.48030   -5.46975   -5.45811
  -4.45629   -4.45387   -4.42705   -4.41283   -2.91486   -2.90652   -2.87384   -2.86957
   0.45347    0.49740    0.50473    0.52746    2.12003    2.12607    2.14647    2.17433
   2.49257    2.51283    2.51333    2.51675    5.03803    5.04430    5.04475    5.04586
   5.84556    5.85023    5.85140    5.85258
 kpt#  34, nband= 60, wtk=  1.00000, kpt=  0.2250  0.5000  0.0000 (reduced coord)
 -26.74065  -26.73487  -26.73424  -26.72331  -26.46712  -26.46152  -26.43056  -26.42449
 -26.09714  -26.09134  -26.01467  -26.00296  -25.89004  -25.87965  -25.82482  -25.81996
 -25.30823  -25.30616  -25.30120  -25.29244  -14.15964  -14.15910  -14.15644  -14.15565
  -9.63378   -9.63374   -9.63111   -9.63108   -5.57369   -5.56839   -5.55772   -5.54558
  -4.55226   -4.55054   -4.52133   -4.50699   -2.93423   -2.92767   -2.89275   -2.88800
   0.61910    0.66579    0.67344    0.70004    2.13426    2.14431    2.16416    2.19547
   2.74624    2.77263    2.77285    2.77529    5.01733    5.02459    5.02538    5.02615
   5.89327    5.89863    5.89948    5.90007
 kpt#  35, nband= 60, wtk=  1.00000, kpt=  0.2500  0.5000  0.0000 (reduced coord)
 -26.73341  -26.72083  -26.67981  -26.67393  -26.40937  -26.40433  -26.36470  -26.35680
 -26.08637  -26.08115  -25.99331  -25.98143  -25.86939  -25.86199  -25.77361  -25.76852
 -25.22801  -25.22772  -25.21964  -25.21519  -14.14664  -14.14615  -14.14314  -14.14239
  -9.61698   -9.61685   -9.61403   -9.61399   -5.65792   -5.65225   -5.64163   -5.62913
  -4.65205   -4.65110   -4.61979   -4.60538   -2.95332   -2.94819   -2.91153   -2.90672
   0.79406    0.84472    0.85282    0.88292    2.15139    2.16242    2.18411    2.21958
   2.99984    3.02977    3.02983    3.03150    4.99873    5.00690    5.00765    5.00830
   5.95568    5.96157    5.96217    5.96218
 kpt#  36, nband= 60, wtk=  1.00000, kpt=  0.2750  0.5000  0.0000 (reduced coord)
 -26.72210  -26.70839  -26.66740  -26.65907  -26.42787  -26.41344  -26.37383  -26.37137
 -26.10134  -26.09584  -25.99844  -25.98072  -25.90331  -25.89535  -25.79358  -25.78435
 -25.20149  -25.19857  -25.19242  -25.18479  -14.13352  -14.13308  -14.12975  -14.12904
  -9.60019   -9.59999   -9.59703   -9.59692   -5.73515   -5.72923   -5.71873   -5.70606
  -4.75417   -4.75399   -4.72086   -4.70651   -2.97044   -2.96646   -2.92854   -2.92392
   0.97037    1.02564    1.03464    1.06794    2.17375    2.18456    2.20843    2.24891
   3.24738    3.27991    3.28039    3.28111    4.98738    4.99635    4.99636    4.99771
   6.03187    6.03777    6.03842    6.03859
 kpt#  37, nband= 60, wtk=  1.00000, kpt=  0.3000  0.5000  0.0000 (reduced coord)
 -26.69080  -26.67004  -26.64390  -26.63349  -26.35063  -26.33795  -26.32947  -26.31715
 -26.10798  -26.10002  -25.97354  -25.95729  -25.89835  -25.89138  -25.77632  -25.76441
 -25.23356  -25.22974  -25.22646  -25.21704  -14.12059  -14.12021  -14.11654  -14.11590
  -9.58398   -9.58370   -9.58062   -9.58046   -5.80367   -5.79759   -5.78735   -5.77463
  -4.85610   -4.85559   -4.82131   -4.80719   -2.98449   -2.98142   -2.94260   -2.93835
   1.14017    1.20008    1.21089    1.24647    2.20870    2.21814    2.24381    2.28980
   3.48170    3.51633    3.51728    3.51746    4.98701    4.99513    4.99659    4.99793
   6.12069    6.12611    6.12757    6.12758
 kpt#  38, nband= 60, wtk=  1.00000, kpt=  0.3250  0.5000  0.0000 (reduced coord)
 -26.59079  -26.56560  -26.54023  -26.52700  -26.30054  -26.28568  -26.26849  -26.24978
 -25.99468  -25.98082  -25.88938  -25.86600  -25.79544  -25.78718  -25.69527  -25.67847
 -25.10237  -25.09938  -25.09495  -25.08805  -14.10815  -14.10782  -14.10385  -14.10327
  -9.56867   -9.56835   -9.56515   -9.56494   -5.86195   -5.85589   -5.84590   -5.83342
  -4.95594   -4.95478   -4.91956   -4.90593   -2.99502   -2.99268   -2.95330   -2.94953
   1.29213    1.35467    1.36896    1.40518    2.25993    2.26721    2.29310    2.34399
   3.69519    3.73146    3.73237    3.73351    5.00203    5.00855    5.01198    5.01337
   6.22098    6.22572    6.22797    6.22805
 kpt#  39, nband= 60, wtk=  1.00000, kpt=  0.3500  0.5000  0.0000 (reduced coord)
 -26.61499  -26.58894  -26.57102  -26.55674  -26.38432  -26.37194  -26.31919  -26.29541
 -26.03956  -26.02359  -26.00762  -25.98854  -25.78108  -25.77714  -25.76713  -25.76315
 -25.00283  -25.00257  -24.99517  -24.99393  -14.09662  -14.09634  -14.09209  -14.09158
  -9.55477   -9.55442   -9.55112   -9.55089   -5.91005   -5.90420   -5.89441   -5.88245
  -5.05219   -5.05053   -5.01424   -5.00130   -3.00317   -3.00142   -2.96166   -2.95844
   1.41847    1.47946    1.49928    1.53340    2.33083    2.33601    2.35950    2.41287
   3.88112    3.91822    3.91929    3.92143    5.03109    5.03543    5.04114    5.04257
   6.32997    6.33342    6.33676    6.33679
 kpt#  40, nband= 60, wtk=  1.00000, kpt=  0.3750  0.5000  0.0000 (reduced coord)
 -26.59338  -26.58553  -26.56755  -26.56636  -26.31444  -26.29605  -26.28546  -26.26391
 -25.97587  -25.95859  -25.92761  -25.91110  -25.70947  -25.69595  -25.68701  -25.67733
 -24.99645  -24.99546  -24.98848  -24.98689  -14.08621  -14.08598  -14.08146  -14.08102
  -9.54239   -9.54203   -9.53862   -9.53840   -5.94736   -5.94187   -5.93225   -5.92112
  -5.14045   -5.13852   -5.10086   -5.08891   -3.00841   -3.00709   -2.96710   -2.96442
   1.51695    1.57120    1.59828    1.62727    2.42474    2.42799    2.44642    2.49835
   4.03296    4.06952    4.07119    4.07396    5.07723    5.07932    5.08691    5.08840
   6.44108    6.44142    6.44613    6.44623
 kpt#  41, nband= 60, wtk=  1.00000, kpt=  0.4000  0.5000  0.0000 (reduced coord)
 -26.54119  -26.52886  -26.52156  -26.50788  -26.12818  -26.11143  -26.10714  -26.08704
 -25.84891  -25.83748  -25.82614  -25.81484  -25.69207  -25.67478  -25.66911  -25.65285
 -24.87806  -24.87747  -24.86965  -24.86910  -14.07724  -14.07706  -14.07231  -14.07195
  -9.53183   -9.53150   -9.52799   -9.52778   -5.97463   -5.96973   -5.96009   -5.95021
  -5.21856   -5.21651   -5.17719   -5.16666   -3.01202   -3.01105   -2.97090   -2.96876
   1.58714    1.63093    1.66568    1.68816    2.53116    2.53252    2.54490    2.59185
   4.14908    4.18298    4.18586    4.18860    5.13949    5.13993    5.14839    5.14983
   6.49205    6.49297    6.49473    6.49955
 kpt#  42, nband= 60, wtk=  1.00000, kpt=  0.4250  0.5000  0.0000 (reduced coord)
 -26.53658  -26.52406  -26.51749  -26.50259  -26.05659  -26.03020  -26.02893  -26.00231
 -25.79719  -25.79680  -25.78004  -25.77834  -25.60392  -25.59326  -25.58059  -25.56923
 -24.85672  -24.85575  -24.84837  -24.84787  -14.06999  -14.06985  -14.06491  -14.06463
  -9.52337   -9.52309   -9.51949   -9.51931   -5.99287   -5.98883   -5.97884   -5.97071
  -5.28382   -5.28193   -5.24056   -5.23196   -3.01406   -3.01340   -2.97308   -2.97151
   1.63412    1.66627    1.70837    1.72429    2.63358    2.63477    2.64065    2.68055
   4.22978    4.25846    4.26328    4.26555    5.20681    5.20723    5.21484    5.21599
   6.48367    6.48466    6.48876    6.49452
 kpt#  43, nband= 60, wtk=  1.00000, kpt=  0.4500  0.5000  0.0000 (reduced coord)
 -26.51324  -26.49685  -26.46598  -26.44317  -25.89119  -25.86167  -25.76464  -25.72954
 -25.65391  -25.65123  -25.63944  -25.63088  -25.37953  -25.34985  -25.30497  -25.27948
 -24.91005  -24.90907  -24.90162  -24.90112  -14.06458  -14.06449  -14.05938  -14.05919
  -9.51711   -9.51692   -9.51322   -9.51309   -6.00343   -6.00053   -5.98973   -5.98390
  -5.33291   -5.33145   -5.28777   -5.28161   -3.01449   -3.01404   -2.97361   -2.97255
   1.66519    1.68597    1.73499    1.74504    2.71784    2.72111    2.72292    2.75334
   4.28169    4.30260    4.31037    4.31186    5.26846    5.26906    5.27468    5.27548
   6.47551    6.47818    6.47959    6.48695
 kpt#  44, nband= 60, wtk=  1.00000, kpt=  0.4750  0.5000  0.0000 (reduced coord)
 -26.60760  -26.59761  -26.58887  -26.57847  -26.03008  -26.02370  -25.99931  -25.99274
 -25.84028  -25.82766  -25.81093  -25.79639  -25.55272  -25.52796  -25.52333  -25.50029
 -24.98968  -24.98784  -24.98174  -24.97970  -14.06136  -14.06131  -14.05607  -14.05598
  -9.51350   -9.51340   -9.50960   -9.50954   -6.00877   -6.00725   -5.99503   -5.99197
  -5.36451   -5.36371   -5.31756   -5.31434   -3.01592   -3.01571   -2.97499   -2.97446
   1.68189    1.69202    1.74780    1.75261    2.77164    2.77281    2.78205    2.79716
   4.30950    4.32051    4.33255    4.33326    5.30869    5.30916    5.31213    5.31261
   6.46973    6.47185    6.47474    6.47982
 kpt#  45, nband= 60, wtk=  1.00000, kpt=  0.5000  0.5000  0.0000 (reduced coord)
 -26.63712  -26.63712  -26.61889  -26.61889  -26.10507  -26.10507  -26.07649  -26.07649
 -25.87276  -25.87276  -25.86034  -25.86034  -25.59492  -25.59492  -25.57367  -25.57367
 -25.01361  -25.01361  -25.00569  -25.00569  -14.06026  -14.06026  -14.05492  -14.05492
  -9.51224   -9.51224   -9.50835   -9.50835   -6.00984   -6.00984   -5.99557   -5.99557
  -5.37486   -5.37486   -5.32646   -5.32646   -3.01626   -3.01626   -2.97522   -2.97522
   1.69056    1.69056    1.75339    1.75339    2.79081    2.79081    2.80779    2.80779
   4.32202    4.32202    4.33949    4.33949    5.32412    5.32412    5.32459    5.32459
   6.46873    6.46873    6.47578    6.47578
 kpt#  46, nband= 60, wtk=  1.00000, kpt=  0.5000  0.4792  0.0000 (reduced coord)
 -26.59037  -26.58876  -26.57089  -26.56916  -26.05485  -26.05316  -26.02874  -26.02710
 -25.79689  -25.79595  -25.77539  -25.77428  -25.53468  -25.53374  -25.50775  -25.50703
 -25.01324  -25.01238  -25.00536  -25.00450  -14.06444  -14.06435  -14.05911  -14.05902
  -9.50843   -9.50836   -9.50449   -9.50441   -6.02357   -6.02338   -6.00982   -6.00961
  -5.34901   -5.34895   -5.30160   -5.30154   -3.01698   -3.01693   -2.97584   -2.97580
   1.69204    1.69208    1.75553    1.75559    2.78182    2.78197    2.80155    2.80169
   4.32264    4.32293    4.34402    4.34430    5.31164    5.31189    5.31502    5.31526
   6.46479    6.46516    6.47480    6.47516
 kpt#  47, nband= 60, wtk=  1.00000, kpt=  0.5000  0.4583  0.0000 (reduced coord)
 -26.56710  -26.56504  -26.53694  -26.53462  -25.96375  -25.96186  -25.91777  -25.91624
 -25.77150  -25.77093  -25.74311  -25.74166  -25.48264  -25.48032  -25.44024  -25.43847
 -24.99207  -24.98942  -24.98389  -24.98131  -14.07680  -14.07663  -14.07148  -14.07131
  -9.49739   -9.49724   -9.49329   -9.49314   -6.05810   -6.05773   -6.04513   -6.04476
  -5.27979   -5.27971   -5.23427   -5.23419   -3.02008   -3.01998   -2.97856   -2.97847
   1.69478    1.69487    1.76019    1.76029    2.75631    2.75655    2.78246    2.78270
   4.32359    4.32399    4.35329    4.35368    5.27734    5.27758    5.28377    5.28400
   6.44936    6.44983    6.46420    6.46465
 kpt#  48, nband= 60, wtk=  1.00000, kpt=  0.5000  0.4375  0.0000 (reduced coord)
 -26.61828  -26.61624  -26.59065  -26.58831  -26.11650  -26.11388  -26.08091  -26.07858
 -25.85690  -25.85514  -25.82875  -25.82702  -25.62236  -25.62121  -25.59045  -25.58933
 -25.05110  -25.04709  -25.04302  -25.03906  -14.09700  -14.09675  -14.09168  -14.09144
  -9.48009   -9.47987   -9.47577   -9.47555   -6.10045   -6.09997   -6.08781   -6.08732
  -5.18178   -5.18171   -5.13775   -5.13767   -3.02509   -3.02494   -2.98295   -2.98281
   1.69682    1.69696    1.76548    1.76564    2.71604    2.71635    2.75020    2.75051
   4.32226    4.32272    4.36099    4.36143    5.22204    5.22227    5.23124    5.23146
   6.40360    6.40421    6.42038    6.42098
 kpt#  49, nband= 60, wtk=  1.00000, kpt=  0.5000  0.4167  0.0000 (reduced coord)
 -26.59547  -26.59526  -26.58083  -26.58015  -26.10629  -26.10249  -26.07313  -26.07174
 -25.66919  -25.66243  -25.59826  -25.59405  -25.56196  -25.55775  -25.51687  -25.51210
 -24.93540  -24.92909  -24.92771  -24.92151  -14.12424  -14.12392  -14.11895  -14.11863
  -9.45786   -9.45758   -9.45329   -9.45300   -6.13883   -6.13825   -6.12609   -6.12550
  -5.06428   -5.06420   -5.02095   -5.02086   -3.02957   -3.02940   -2.98661   -2.98644
   1.69844    1.69862    1.77157    1.77177    2.66959    2.66994    2.71244    2.71279
   4.31475    4.31525    4.36166    4.36214    5.15624    5.15645    5.16819    5.16838
   6.30710    6.30788    6.32040    6.32119
 kpt#  50, nband= 60, wtk=  1.00000, kpt=  0.5000  0.3958  0.0000 (reduced coord)
 -26.60221  -26.60071  -26.58505  -26.58237  -26.18585  -26.18042  -26.13058  -26.12930
 -25.77904  -25.77178  -25.69122  -25.68587  -25.63334  -25.62753  -25.59117  -25.58565
 -24.92709  -24.92053  -24.91846  -24.91203  -14.15777  -14.15740  -14.15251  -14.15213
  -9.43293   -9.43258   -9.42811   -9.42776   -6.16592   -6.16525   -6.15290   -6.15222
  -4.93941   -4.93928   -4.89598   -4.89585   -3.03285   -3.03265   -2.98888   -2.98868
   1.69377    1.69397    1.77248    1.77271    2.61768    2.61804    2.66961    2.66998
   4.28965    4.29018    4.34320    4.34372    5.08461    5.08479    5.09909    5.09926
   6.17061    6.17138    6.18032    6.18109
 kpt#  51, nband= 60, wtk=  1.00000, kpt=  0.5000  0.3750  0.0000 (reduced coord)
 -26.60690  -26.60639  -26.59082  -26.58940  -26.20232  -26.19733  -26.15769  -26.15681
 -25.79109  -25.78416  -25.72333  -25.71749  -25.65173  -25.64608  -25.62716  -25.62225
 -25.25551  -25.24781  -25.23892  -25.23171  -14.19664  -14.19621  -14.19143  -14.19100
  -9.40712   -9.40671   -9.40209   -9.40167   -6.17639   -6.17564   -6.16300   -6.16224
  -4.81146   -4.81125   -4.76741   -4.76721   -3.03181   -3.03158   -2.98668   -2.98647
   1.68191    1.68213    1.76674    1.76699    2.56575    2.56611    2.62656    2.62693
   4.23889    4.23946    4.29673    4.29729    5.01900    5.01917    5.03529    5.03545
   6.02314    6.02385    6.03103    6.03175
 kpt#  52, nband= 60, wtk=  1.00000, kpt=  0.5000  0.3542  0.0000 (reduced coord)
 -26.62467  -26.62346  -26.60065  -26.59826  -26.18289  -26.17746  -26.12615  -26.12515
 -25.84135  -25.83730  -25.81218  -25.80856  -25.66777  -25.66527  -25.61283  -25.61008
 -25.45131  -25.44348  -25.41786  -25.41124  -14.23970  -14.23922  -14.23457  -14.23409
  -9.38267   -9.38220   -9.37747   -9.37700   -6.16665   -6.16582   -6.15288   -6.15205
  -4.68591   -4.68561   -4.64099   -4.64069   -3.02325   -3.02302   -2.97703   -2.97681
   1.66036    1.66057    1.75117    1.75141    2.51520    2.51554    2.58419    2.58455
   4.15490    4.15551    4.21417    4.21477    4.96803    4.96822    4.98464    4.98481
   5.87823    5.87890    5.88536    5.88603
 kpt#  53, nband= 60, wtk=  1.00000, kpt=  0.5000  0.3333  0.0000 (reduced coord)
 -26.55138  -26.55018  -26.53160  -26.52981  -26.33996  -26.33526  -26.30388  -26.30229
 -25.88533  -25.88069  -25.85202  -25.84821  -25.77378  -25.76988  -25.73369  -25.72955
 -25.54722  -25.53963  -25.51407  -25.50789  -14.28594  -14.28542  -14.28092  -14.28040
  -9.36164   -9.36113   -9.35634   -9.35582   -6.13442   -6.13353   -6.12028   -6.11938
  -4.56668   -4.56625   -4.52097   -4.52055   -3.00385   -3.00363   -2.95682   -2.95661
   1.62753    1.62772    1.72336    1.72358    2.46893    2.46925    2.54442    2.54478
   4.03495    4.03557    4.09284    4.09345    4.93351    4.93372    4.94869    4.94888
   5.74159    5.74222    5.74853    5.74916
 kpt#  54, nband= 60, wtk=  1.00000, kpt=  0.5000  0.3125  0.0000 (reduced coord)
 -26.67824  -26.67600  -26.65330  -26.64876  -26.51334  -26.50736  -26.47234  -26.47075
 -26.05771  -26.05427  -26.03032  -26.02854  -25.90278  -25.89859  -25.86474  -25.86253
 -25.61369  -25.60671  -25.59527  -25.58858  -14.33431  -14.33376  -14.32944  -14.32889
  -9.34534   -9.34479   -9.34001   -9.33946   -6.07905   -6.07811   -6.06455   -6.06360
  -4.46078   -4.46022   -4.41477   -4.41421   -2.97016   -2.96997   -2.92304   -2.92286
   1.58316    1.58333    1.68239    1.68257    2.42269    2.42303    2.50239    2.50277
   3.88410    3.88470    3.93879    3.93938    4.91244    4.91267    4.92509    4.92531
   5.61683    5.61746    5.62397    5.62460
 kpt#  55, nband= 60, wtk=  1.00000, kpt=  0.5000  0.2917  0.0000 (reduced coord)
 -26.64942  -26.64441  -26.63296  -26.62855  -26.49392  -26.48996  -26.48004  -26.47448
 -26.04392  -26.04172  -26.01268  -26.00916  -25.93488  -25.93098  -25.89424  -25.89369
 -25.63354  -25.62707  -25.61984  -25.61358  -14.38375  -14.38318  -14.37906  -14.37848
  -9.33452   -9.33394   -9.32923   -9.32865   -5.99889   -5.99791   -5.98402   -5.98303
  -4.36946   -4.36876   -4.32396   -4.32326   -2.91873   -2.91858   -2.87254   -2.87240
   1.53070    1.53084    1.63117    1.63131    2.37963    2.38003    2.46049    2.46093
   3.71123    3.71179    3.76152    3.76208    4.89968    4.89995    4.90949    4.90975
   5.50834    5.50897    5.51599    5.51662
 kpt#  56, nband= 60, wtk=  1.00000, kpt=  0.5000  0.2708  0.0000 (reduced coord)
 -26.78806  -26.78593  -26.71991  -26.71416  -26.60883  -26.60348  -26.55727  -26.55607
 -26.24117  -26.23922  -26.10279  -26.09716  -26.03585  -26.02946  -25.90896  -25.90679
 -25.65160  -25.64769  -25.64394  -25.63978  -14.43343  -14.43283  -14.42894  -14.42834
  -9.32998   -9.32938   -9.32480   -9.32419   -5.89599   -5.89497   -5.88077   -5.87974
  -4.29730   -4.29645   -4.25330   -4.25245   -2.84936   -2.84925   -2.80534   -2.80522
   1.46887    1.46897    1.56861    1.56871    2.33149    2.33198    2.41048    2.41100
   3.52431    3.52481    3.56977    3.57026    4.88321    4.88351    4.89037    4.89065
   5.41974    5.42037    5.42812    5.42875
 kpt#  57, nband= 60, wtk=  1.00000, kpt=  0.5000  0.2500  0.0000 (reduced coord)
 -26.69370  -26.69185  -26.65701  -26.65181  -26.53855  -26.53372  -26.50912  -26.50742
 -26.12154  -26.11639  -26.07439  -26.06990  -25.78126  -25.77518  -25.74061  -25.73634
 -25.60872  -25.60541  -25.60116  -25.59766  -14.48238  -14.48176  -14.47814  -14.47752
  -9.33087   -9.33025   -9.32589   -9.32526   -5.76938   -5.76834   -5.75379   -5.75275
  -4.24280   -4.24182   -4.20116   -4.20018   -2.76210   -2.76202   -2.72141   -2.72133
   1.40079    1.40088    1.49770    1.49778    2.27941    2.28002    2.35304    2.35367
   3.33326    3.33368    3.37416    3.37457    4.85693    4.85722    4.86194    4.86223
   5.35538    5.35598    5.36444    5.36504
 kpt#  58, nband= 60, wtk=  1.00000, kpt=  0.5000  0.2292  0.0000 (reduced coord)
 -26.89800  -26.89471  -26.81272  -26.80633  -26.63093  -26.62572  -26.54226  -26.53950
 -26.24919  -26.24568  -26.18802  -26.18218  -25.86659  -25.86208  -25.79335  -25.79100
 -25.71432  -25.71223  -25.70531  -25.70117  -14.52993  -14.52929  -14.52594  -14.52531
  -9.33699   -9.33635   -9.33224   -9.33161   -5.62423   -5.62318   -5.60832   -5.60727
  -4.20588   -4.20479   -4.16699   -4.16589   -2.66352   -2.66345   -2.62691   -2.62684
   1.32411    1.32420    1.41597    1.41606    2.21627    2.21700    2.28067    2.28143
   3.14379    3.14418    3.18243    3.18280    4.81477    4.81505    4.81835    4.81863
   5.31303    5.31355    5.32241    5.32293
 kpt#  59, nband= 60, wtk=  1.00000, kpt=  0.5000  0.2083  0.0000 (reduced coord)
 -27.07589  -27.07174  -27.00358  -26.99681  -26.75819  -26.75219  -26.69664  -26.69305
 -26.39652  -26.39232  -26.30400  -26.29759  -26.00109  -25.99634  -25.90009  -25.89689
 -25.78279  -25.77760  -25.76275  -25.75782  -14.57540  -14.57475  -14.57170  -14.57105
  -9.34718   -9.34655   -9.34273   -9.34209   -5.46160   -5.46055   -5.44534   -5.44428
  -4.18339   -4.18219   -4.14720   -4.14600   -2.55836   -2.55829   -2.52618   -2.52610
   1.23999    1.24011    1.32438    1.32451    2.14560    2.14642    2.19719    2.19804
   2.96401    2.96444    3.00539    3.00580    4.76083    4.76112    4.76354    4.76383
   5.28664    5.28706    5.29590    5.29631
 kpt#  60, nband= 60, wtk=  1.00000, kpt=  0.5000  0.1875  0.0000 (reduced coord)
 -26.98042  -26.97755  -26.86563  -26.85927  -26.64128  -26.63485  -26.50399  -26.50163
 -26.35236  -26.34893  -26.26571  -26.25932  -25.96346  -25.95872  -25.81240  -25.80909
 -25.73580  -25.72892  -25.69212  -25.68712  -14.61812  -14.61747  -14.61473  -14.61407
  -9.36025   -9.35962   -9.35615   -9.35551   -5.28265   -5.28161   -5.26589   -5.26485
  -4.17028   -4.16899   -4.13638   -4.13510   -2.45232   -2.45223   -2.42458   -2.42447
   1.14831    1.14849    1.22325    1.22346    2.07041    2.07121    2.10771    2.10855
   2.80141    2.80185    2.85092    2.85134    4.70151    4.70187    4.70364    4.70400
   5.26934    5.26965    5.27803    5.27833
 kpt#  61, nband= 60, wtk=  1.00000, kpt=  0.5000  0.1667  0.0000 (reduced coord)
 -27.03426  -27.02900  -26.99872  -26.99246  -26.66035  -26.65450  -26.63723  -26.63203
 -26.34865  -26.34445  -26.27436  -26.26862  -25.96732  -25.96240  -25.86884  -25.86460
 -25.73773  -25.73122  -25.70012  -25.69547  -14.65759  -14.65692  -14.65452  -14.65385
  -9.37514   -9.37450   -9.37141   -9.37078   -5.09350   -5.09250   -5.07601   -5.07500
  -4.16439   -4.16305   -4.13189   -4.13056   -2.35554   -2.35541   -2.33184   -2.33169
   1.04691    1.04718    1.11157    1.11189    1.99190    1.99247    2.02021    2.02076
   2.65606    2.65645    2.71637    2.71674    4.64099    4.64141    4.64269    4.64311
   5.25324    5.25345    5.26111    5.26131
 kpt#  62, nband= 60, wtk=  1.00000, kpt=  0.5000  0.1458  0.0000 (reduced coord)
 -27.05383  -27.04945  -26.99279  -26.98622  -26.73498  -26.72886  -26.64851  -26.64422
 -26.38505  -26.38063  -26.35187  -26.34607  -26.05331  -26.04740  -25.96671  -25.96197
 -25.76559  -25.75849  -25.73575  -25.73011  -14.69336  -14.69269  -14.69062  -14.68996
  -9.39074   -9.39011   -9.38743   -9.38680   -4.89842   -4.89748   -4.87950   -4.87856
  -4.16234   -4.16096   -4.12992   -4.12857   -2.27444   -2.27426   -2.25403   -2.25383
   0.93587    0.93628    0.99163    0.99209    1.91542    1.91603    1.94933    1.94984
   2.52796    2.52828    2.59849    2.59880    4.58351    4.58398    4.58489    4.58535
   5.23668    5.23681    5.24356    5.24369
 kpt#  63, nband= 60, wtk=  1.00000, kpt=  0.5000  0.1250  0.0000 (reduced coord)
 -27.14402  -27.13852  -27.11873  -27.11272  -26.77876  -26.77615  -26.77317  -26.77062
 -26.42897  -26.42484  -26.33462  -26.32903  -26.03115  -26.02665  -25.91574  -25.91107
 -25.81099  -25.80461  -25.76285  -25.75876  -14.72504  -14.72437  -14.72264  -14.72198
  -9.40616   -9.40554   -9.40329   -9.40266   -4.70553   -4.70472   -4.68383   -4.68300
  -4.15899   -4.15764   -4.12468   -4.12339   -2.21576   -2.21554   -2.19755   -2.19731
   0.82108    0.82164    0.87077    0.87138    1.85108    1.85175    1.89916    1.89974
   2.41397    2.41423    2.49284    2.49310    4.53144    4.53193    4.53255    4.53304
   5.21997    5.22004    5.22579    5.22586
 kpt#  64, nband= 60, wtk=  1.00000, kpt=  0.5000  0.1042  0.0000 (reduced coord)
 -27.06364  -27.05977  -26.99101  -26.98459  -26.75422  -26.74839  -26.64933  -26.64558
 -26.39364  -26.38948  -26.36498  -26.35993  -26.01717  -26.01219  -25.90498  -25.90050
 -25.82480  -25.81838  -25.76998  -25.76606  -14.75231  -14.75165  -14.75027  -14.74961
  -9.42048   -9.41986   -9.41807   -9.41745   -4.52517   -4.52452   -4.49839   -4.49772
  -4.14629   -4.14512   -4.10745   -4.10637   -2.18304   -2.18282   -2.16606   -2.16582
   0.71084    0.71156    0.75657    0.75732    1.80792    1.80854    1.86996    1.87052
   2.31282    2.31303    2.39759    2.39780    4.48605    4.48655    4.48694    4.48745
   5.20320    5.20325    5.20796    5.20802
 kpt#  65, nband= 60, wtk=  1.00000, kpt=  0.5000  0.0833  0.0000 (reduced coord)
 -26.96846  -26.96670  -26.96350  -26.96182  -26.62548  -26.62098  -26.57850  -26.57475
 -26.37298  -26.37012  -26.25235  -26.24907  -26.00747  -26.00330  -25.85409  -25.85004
 -25.78995  -25.78448  -25.70838  -25.70589  -14.77490  -14.77426  -14.77320  -14.77255
  -9.43299   -9.43237   -9.43104   -9.43043   -4.38409   -4.38336   -4.35383   -4.35306
  -4.10060   -4.10000   -4.05891   -4.05835   -2.17781   -2.17762   -2.16173   -2.16152
   0.61408    0.61493    0.65540    0.65628    1.78778    1.78831    1.86094    1.86144
   2.22047    2.22065    2.30905    2.30923    4.44812    4.44862    4.44885    4.44935
   5.18787    5.18793    5.19163    5.19169
 kpt#  66, nband= 60, wtk=  1.00000, kpt=  0.5000  0.0625  0.0000 (reduced coord)
 -26.99875  -26.99410  -26.95109  -26.94547  -26.61303  -26.60848  -26.57493  -26.57010
 -26.36250  -26.36002  -26.25809  -26.25428  -26.02692  -26.02263  -25.87970  -25.87449
 -25.76043  -25.75590  -25.70581  -25.70332  -14.79267  -14.79207  -14.79129  -14.79069
  -9.44328   -9.44267   -9.44181   -9.44120   -4.30666   -4.30549   -4.28497   -4.28368
  -3.99641   -3.99603   -3.96434   -3.96408   -2.19831   -2.19814   -2.18378   -2.18360
   0.53735    0.53830    0.57210    0.57307    1.78922    1.78967    1.86992    1.87037
   2.13410    2.13423    2.22451    2.22467    4.41824    4.41867    4.41887    4.41930
   5.17483    5.17490    5.17761    5.17769
 kpt#  67, nband= 60, wtk=  1.00000, kpt=  0.5000  0.0417  0.0000 (reduced coord)
 -26.99717  -26.99263  -26.97726  -26.97189  -26.62420  -26.61877  -26.54812  -26.54392
 -26.36769  -26.36407  -26.27793  -26.27432  -25.96574  -25.96196  -25.88899  -25.88367
 -25.76335  -25.75887  -25.71887  -25.71640  -14.80542  -14.80492  -14.80430  -14.80380
  -9.45087   -9.45027   -9.44989   -9.44928   -4.27587   -4.27446   -4.26439   -4.26290
  -3.87366   -3.87305   -3.85403   -3.85349   -2.23182   -2.23166   -2.22042   -2.22025
   0.48511    0.48613    0.51033    0.51136    1.80958    1.80998    1.89336    1.89380
   2.05624    2.05634    2.14558    2.14571    4.39674    4.39703    4.39733    4.39764
   5.16512    5.16521    5.16696    5.16705
 kpt#  68, nband= 60, wtk=  1.00000, kpt=  0.5000  0.0208  0.0000 (reduced coord)
 -26.96911  -26.96468  -26.94798  -26.94284  -26.56833  -26.56345  -26.49582  -26.49196
 -26.32827  -26.32423  -26.24579  -26.24242  -25.96238  -25.95758  -25.90392  -25.89904
 -25.64203  -25.63788  -25.61442  -25.61109  -14.81304  -14.81275  -14.81206  -14.81177
  -9.45532   -9.45485   -9.45470   -9.45422   -4.26339   -4.26190   -4.25854   -4.25702
  -3.78047   -3.77975   -3.77098   -3.77029   -2.26196   -2.26179   -2.25557   -2.25539
   0.45763    0.45869    0.47094    0.47200    1.84719    1.84756    1.91891    1.91944
   1.99958    1.99967    2.07395    2.07405    4.38396    4.38411    4.38455    4.38470
   5.15955    5.15966    5.16047    5.16057
 kpt#  69, nband= 60, wtk=  1.00000, kpt=  0.5000  0.0000  0.0000 (reduced coord)
 -26.96798  -26.96798  -26.96327  -26.96327  -26.52113  -26.52113  -26.51878  -26.51878
 -26.29149  -26.29149  -26.28846  -26.28846  -25.93052  -25.93052  -25.92727  -25.92727
 -25.62111  -25.62111  -25.61699  -25.61699  -14.81548  -14.81548  -14.81453  -14.81453
  -9.45671   -9.45671   -9.45609   -9.45609   -4.25882   -4.25882   -4.25726   -4.25726
  -3.74365   -3.74365   -3.74231   -3.74231   -2.27200   -2.27200   -2.27181   -2.27181
   0.45305    0.45305    0.45425    0.45425    1.89392    1.89392    1.89436    1.89436
   2.01588    2.01588    2.01591    2.01591    4.37968    4.37968    4.38027    4.38027
   5.15794    5.15794    5.15814    5.15814
 kpt#  70, nband= 60, wtk=  1.00000, kpt=  0.4750  0.0000  0.0000 (reduced coord)
 -26.97031  -26.96732  -26.91636  -26.91232  -26.60427  -26.60112  -26.52428  -26.52231
 -26.35485  -26.35458  -26.29372  -26.29360  -25.94294  -25.93996  -25.93521  -25.93304
 -25.70792  -25.70611  -25.65599  -25.65473  -14.88712  -14.88712  -14.74354  -14.74354
  -9.53879   -9.53878   -9.36314   -9.36314   -4.36102   -4.36101   -4.15933   -4.15932
  -3.80383   -3.80382   -3.68412   -3.68412   -2.39986   -2.39985   -2.15235   -2.15235
   0.35119    0.35123    0.56243    0.56247    1.76679    1.76679    1.93653    1.93653
   2.02128    2.02129    2.11060    2.11061    4.22228    4.22229    4.53189    4.53189
   5.05153    5.05153    5.24743    5.24744
 kpt#  71, nband= 60, wtk=  1.00000, kpt=  0.4500  0.0000  0.0000 (reduced coord)
 -26.93229  -26.93047  -26.90058  -26.89870  -26.66040  -26.66039  -26.53098  -26.53047
 -26.29993  -26.29827  -26.27816  -26.27705  -26.03085  -26.03000  -25.86981  -25.86899
 -25.73711  -25.73638  -25.66272  -25.66198  -14.95929  -14.95928  -14.67347  -14.67346
  -9.61028   -9.61027   -9.26010   -9.26010   -4.46658   -4.46658   -4.06882   -4.06881
  -3.86514   -3.86514   -3.62702   -3.62702   -2.52674   -2.52673   -2.04768   -2.04767
   0.26249    0.26252    0.67070    0.67074    1.63660    1.63661    1.88665    1.88665
   2.12746    2.12747    2.23155    2.23156    4.06869    4.06870    4.64040    4.64040
   4.98531    4.98532    5.27369    5.27369
 kpt#  72, nband= 60, wtk=  1.00000, kpt=  0.4250  0.0000  0.0000 (reduced coord)
 -27.01409  -27.01266  -26.93359  -26.93071  -26.76241  -26.76015  -26.51080  -26.51037
 -26.42843  -26.42842  -26.32019  -26.31875  -26.15595  -26.15583  -26.03434  -26.03205
 -25.87879  -25.87782  -25.76218  -25.76205  -15.03100  -15.03100  -14.60539  -14.60539
  -9.67019   -9.67019   -9.14757   -9.14756   -4.57111   -4.57110   -3.99462   -3.99460
  -3.92388   -3.92387   -3.57575   -3.57575   -2.64443   -2.64442   -1.96815   -1.96814
   0.19543    0.19547    0.77271    0.77277    1.51154    1.51155    1.84967    1.84967
   2.23707    2.23707    2.36384    2.36385    3.92318    3.92318    4.62513    4.62513
   5.04496    5.04497    5.22604    5.22606
 kpt#  73, nband= 60, wtk=  1.00000, kpt=  0.4000  0.0000  0.0000 (reduced coord)
 -26.99903  -26.99776  -26.94662  -26.94447  -26.77199  -26.77045  -26.40956  -26.40883
 -26.33010  -26.32973  -26.27185  -26.27096  -26.11121  -26.11099  -26.06448  -26.06285
 -25.83991  -25.83951  -25.57166  -25.57154  -15.10135  -15.10135  -14.53992  -14.53992
  -9.71817   -9.71817   -9.02587   -9.02587   -4.67405   -4.67404   -3.99691   -3.99690
  -3.92853   -3.92851   -3.52769   -3.52768   -2.74224   -2.74223   -1.91703   -1.91702
   0.15877    0.15881    0.85955    0.85962    1.39774    1.39777    1.83003    1.83003
   2.35197    2.35198    2.49720    2.49720    3.78839    3.78839    4.52656    4.52656
   5.14053    5.14057    5.18928    5.18933
 kpt#  74, nband= 60, wtk=  1.00000, kpt=  0.3750  0.0000  0.0000 (reduced coord)
 -27.06855  -27.06744  -26.96651  -26.96339  -26.83966  -26.83675  -26.47600  -26.47468
 -26.34901  -26.34882  -26.31571  -26.31500  -26.18806  -26.18795  -26.11393  -26.11197
 -25.87693  -25.87664  -25.67392  -25.67369  -15.16993  -15.16993  -14.47777  -14.47777
  -9.75431   -9.75431   -8.89612   -8.89612   -4.77537   -4.77536   -4.05692   -4.05692
  -3.90884   -3.90883   -3.48444   -3.48444   -2.80813   -2.80812   -1.90585   -1.90584
   0.15805    0.15809    0.91795    0.91806    1.30579    1.30585    1.82415    1.82415
   2.47378    2.47379    2.62427    2.62428    3.66730    3.66731    4.40862    4.40862
   5.04488    5.04488    5.34365    5.34366
 kpt#  75, nband= 60, wtk=  1.00000, kpt=  0.3500  0.0000  0.0000 (reduced coord)
 -27.09007  -27.08874  -27.03125  -27.02885  -26.85804  -26.85597  -26.54828  -26.54682
 -26.37605  -26.37595  -26.35622  -26.35476  -26.24566  -26.24498  -26.12252  -26.12070
 -25.89243  -25.89229  -25.78388  -25.78334  -15.23622  -15.23622  -14.41943  -14.41943
  -9.77869   -9.77869   -8.75893   -8.75893   -4.87498   -4.87498   -4.11821   -4.11820
  -3.92824   -3.92824   -3.44544   -3.44544   -2.83218   -2.83217   -1.93336   -1.93335
   0.19531    0.19537    0.92458    0.92471    1.25621    1.25628    1.83356    1.83356
   2.60255    2.60256    2.73846    2.73847    3.56463    3.56463    4.28940    4.28941
   4.95066    4.95066    5.46861    5.46862
 kpt#  76, nband= 60, wtk=  1.00000, kpt=  0.3250  0.0000  0.0000 (reduced coord)
 -27.00695  -27.00465  -26.98392  -26.98088  -26.82009  -26.81865  -26.50322  -26.50199
 -26.43183  -26.43183  -26.24970  -26.24828  -26.17962  -26.17806  -26.14785  -26.14699
 -25.95374  -25.95363  -25.81909  -25.81874  -15.29978  -15.29978  -14.36528  -14.36528
  -9.79147   -9.79147   -8.61489   -8.61489   -4.97114   -4.97113   -4.17814   -4.17814
  -3.98863   -3.98862   -3.41001   -3.41000   -2.81298   -2.81296   -1.99584   -1.99583
   0.26742    0.26749    0.87431    0.87445    1.25445    1.25451    1.85745    1.85745
   2.73495    2.73497    2.83205    2.83205    3.48831    3.48831    4.17372    4.17372
   4.86396    4.86397    5.53313    5.53313
 kpt#  77, nband= 60, wtk=  1.00000, kpt=  0.3000  0.0000  0.0000 (reduced coord)
 -26.95284  -26.95110  -26.90703  -26.90448  -26.74646  -26.74534  -26.40072  -26.39996
 -26.30788  -26.30725  -26.19451  -26.19412  -26.15961  -26.15925  -26.05200  -26.05134
 -25.76309  -25.76304  -25.72571  -25.72566  -15.36011  -15.36011  -14.31563  -14.31563
  -9.79300   -9.79300   -8.46509   -8.46509   -5.06470   -5.06469   -4.23634   -4.23633
  -4.08015   -4.08015   -3.37865   -3.37865   -2.75931   -2.75930   -2.08791   -2.08790
   0.36773    0.36784    0.79360    0.79376    1.27344    1.27349    1.89473    1.89473
   2.84550    2.84552    2.91755    2.91756    3.44912    3.44912    4.06431    4.06432
   4.78799    4.78800    5.54618    5.54618
 kpt#  78, nband= 60, wtk=  1.00000, kpt=  0.2750  0.0000  0.0000 (reduced coord)
 -26.91191  -26.90980  -26.89464  -26.89221  -26.64665  -26.64638  -26.32252  -26.32128
 -26.27199  -26.27103  -26.12911  -26.12857  -26.06887  -26.06857  -26.04370  -26.04300
 -25.76281  -25.76260  -25.72367  -25.72322  -15.41688  -15.41688  -14.27088  -14.27088
  -9.78436   -9.78436   -8.31048   -8.31048   -5.15590   -5.15590   -4.29528   -4.29528
  -4.19102   -4.19101   -3.35205   -3.35205   -2.68385   -2.68383   -2.20123   -2.20121
   0.48346    0.48367    0.70750    0.70776    1.29114    1.29118    1.94318    1.94318
   2.86833    2.86834    3.04704    3.04704    3.45082    3.45082    3.96190    3.96192
   4.72517    4.72517    5.54040    5.54040
 kpt#  79, nband= 60, wtk=  1.00000, kpt=  0.2500  0.0000  0.0000 (reduced coord)
 -27.15389  -27.15383  -26.83209  -26.83160  -26.74128  -26.74092  -26.47042  -26.47012
 -26.21896  -26.21846  -26.17102  -26.16997  -26.04201  -26.04195  -25.95648  -25.95609
 -25.63970  -25.63967  -25.38135  -25.38131  -15.46982  -15.46982  -14.23102  -14.23102
  -9.76645   -9.76645   -8.15230   -8.15230   -5.24485   -5.24485   -4.36479   -4.36477
  -4.29857   -4.29856   -3.33489   -3.33489   -2.59424   -2.59422   -2.32911   -2.32909
   0.55718    0.55758    0.67566    0.67609    1.30011    1.30014    1.99909    1.99909
   2.84127    2.84127    3.19301    3.19302    3.48125    3.48126    3.86730    3.86732
   4.67740    4.67741    5.53601    5.53601
 kpt#  80, nband= 60, wtk=  1.00000, kpt=  0.2250  0.0000  0.0000 (reduced coord)
 -27.18412  -27.18410  -26.83962  -26.83960  -26.76070  -26.76063  -26.51842  -26.51836
 -26.33121  -26.33105  -26.17958  -26.17913  -26.01970  -26.01964  -25.90129  -25.90072
 -25.59945  -25.59940  -25.21785  -25.21776  -15.51867  -15.51867  -14.19596  -14.19596
  -9.74072   -9.74072   -7.99157   -7.99156   -5.33169   -5.33168   -4.47148   -4.47147
  -4.37005   -4.37004   -3.31746   -3.31746   -2.51298   -2.51288   -2.45254   -2.45245
   0.49390    0.49404    0.78983    0.79000    1.29780    1.29783    2.06438    2.06438
   2.79378    2.79379    3.34116    3.34117    3.52246    3.52247    3.78065    3.78067
   4.64580    4.64581    5.53574    5.53574
 kpt#  81, nband= 60, wtk=  1.00000, kpt=  0.2000  0.0000  0.0000 (reduced coord)
 -27.16630  -27.16628  -26.89552  -26.89534  -26.83113  -26.83112  -26.40092  -26.40041
 -26.32562  -26.32559  -26.12096  -26.12087  -25.91809  -25.91751  -25.71758  -25.71755
 -25.47741  -25.47731  -25.22200  -25.22191  -15.56292  -15.56292  -14.16575  -14.16575
  -9.70891   -9.70891   -7.82964   -7.82964   -5.41776   -5.41775   -4.59700   -4.59699
  -4.41793   -4.41793   -3.30179   -3.30179   -2.61343   -2.61341   -2.39406   -2.39404
   0.41038    0.41046    0.93143    0.93152    1.28490    1.28492    2.13756    2.13756
   2.73960    2.73961    3.48004    3.48006    3.57065    3.57066    3.70232    3.70236
   4.62994    4.62994    5.53625    5.53625
 kpt#  82, nband= 60, wtk=  1.00000, kpt=  0.1750  0.0000  0.0000 (reduced coord)
 -27.18982  -27.18980  -26.91936  -26.91922  -26.86008  -26.86005  -26.44584  -26.44518
 -26.32697  -26.32695  -26.12766  -26.12751  -25.95914  -25.95831  -25.72098  -25.72095
 -25.50149  -25.50133  -25.24950  -25.24940  -15.60249  -15.60249  -14.14007  -14.14007
  -9.67275   -9.67275   -7.66837   -7.66837   -5.50241   -5.50241   -4.72002   -4.72002
  -4.45886   -4.45886   -3.29175   -3.29175   -2.74838   -2.74837   -2.30017   -2.30017
   0.32981    0.32986    1.07266    1.07273    1.26756    1.26758    2.21086    2.21086
   2.68586    2.68586    3.55211    3.55217    3.63192    3.63196    3.66712    3.66714
   4.62809    4.62810    5.53306    5.53306
 kpt#  83, nband= 60, wtk=  1.00000, kpt=  0.1500  0.0000  0.0000 (reduced coord)
 -27.21722  -27.21690  -27.13934  -27.13906  -26.91377  -26.91344  -26.48084  -26.47924
 -26.33762  -26.33756  -26.16446  -26.16429  -26.11273  -26.11096  -25.86183  -25.86182
 -25.66037  -25.66009  -25.31195  -25.31179  -15.63715  -15.63715  -14.11872  -14.11872
  -9.63475   -9.63475   -7.50982   -7.50981   -5.58637   -5.58636   -4.83677   -4.83677
  -4.49535   -4.49534   -3.28461   -3.28461   -2.87700   -2.87699   -2.21019   -2.21019
   0.25492    0.25496    1.20723    1.20732    1.24066    1.24071    2.28381    2.28382
   2.63625    2.63626    3.56869    3.56918    3.57675    3.57724    3.79382    3.79382
   4.63754    4.63755    5.52241    5.52241
 kpt#  84, nband= 60, wtk=  1.00000, kpt=  0.1250  0.0000  0.0000 (reduced coord)
 -27.17600  -27.17522  -27.13808  -27.13693  -26.77714  -26.77643  -26.43228  -26.43219
 -26.23239  -26.23227  -26.07817  -26.07750  -25.98691  -25.98671  -25.90716  -25.90700
 -25.71056  -25.71001  -25.64239  -25.64218  -15.66670  -15.66670  -14.10132  -14.10132
  -9.59665   -9.59665   -7.35657   -7.35657   -5.66949   -5.66949   -4.94096   -4.94095
  -4.52522   -4.52521   -3.27841   -3.27841   -2.99290   -2.99290   -2.12647   -2.12647
   0.18760    0.18762    1.21755    1.21756    1.33155    1.33157    2.35519    2.35519
   2.59281    2.59281    3.52023    3.52029    3.58077    3.58082    3.91732    3.91733
   4.65562    4.65563    5.50660    5.50661
 kpt#  85, nband= 60, wtk=  1.00000, kpt=  0.1000  0.0000  0.0000 (reduced coord)
 -27.43709  -27.43705  -27.12200  -27.12199  -26.73855  -26.73818  -26.42137  -26.41965
 -26.23441  -26.23389  -26.15831  -26.15658  -26.04918  -26.04677  -25.90525  -25.90158
 -25.79141  -25.78928  -25.62989  -25.62982  -15.69110  -15.69110  -14.08760  -14.08760
  -9.56141   -9.56141   -7.21291   -7.21291   -5.75058   -5.75058   -5.03205   -5.03205
  -4.55160   -4.55160   -3.27710   -3.27710   -3.09372   -3.09372   -2.05411   -2.05411
   0.12933    0.12934    1.19142    1.19142    1.43934    1.43936    2.41798    2.41798
   2.55683    2.55683    3.47811    3.47813    3.58070    3.58072    4.02708    4.02708
   4.67748    4.67748    5.48884    5.48884
 kpt#  86, nband= 60, wtk=  1.00000, kpt=  0.0750  0.0000  0.0000 (reduced coord)
 -27.48361  -27.48358  -27.08020  -27.08018  -26.66027  -26.65946  -26.50882  -26.50725
 -26.24516  -26.24425  -26.20985  -26.20804  -26.10206  -26.10173  -25.95382  -25.95197
 -25.83611  -25.83399  -25.69645  -25.69600  -15.71020  -15.71020  -14.07723  -14.07723
  -9.53083   -9.53083   -7.08410   -7.08410   -5.82686   -5.82685   -5.10507   -5.10507
  -4.57056   -4.57056   -3.28011   -3.28010   -3.17187   -3.17187   -1.99474   -1.99474
   0.08194    0.08195    1.17233    1.17233    1.52782    1.52784    2.46951    2.46951
   2.53042    2.53043    3.44491    3.44493    3.57774    3.57776    4.11940    4.11940
   4.70043    4.70043    5.47188    5.47189
 kpt#  87, nband= 60, wtk=  1.00000, kpt=  0.0500  0.0000  0.0000 (reduced coord)
 -27.47093  -27.47090  -27.07755  -27.07753  -26.64595  -26.64570  -26.45077  -26.45004
 -26.20844  -26.20773  -26.14425  -26.14415  -26.00730  -26.00714  -25.81294  -25.81234
 -25.68836  -25.68720  -25.62645  -25.62585  -15.72388  -15.72388  -14.06999  -14.06999
  -9.50723   -9.50723   -6.97803   -6.97803   -5.89342   -5.89342   -5.15872   -5.15872
  -4.58298   -4.58298   -3.29374   -3.29374   -3.21909   -3.21909   -1.94999   -1.94999
   0.04713    0.04714    1.15825    1.15825    1.59354    1.59355    2.49367    2.49368
   2.52613    2.52613    3.42130    3.42131    3.57373    3.57374    4.19082    4.19082
   4.72061    4.72061    5.45889    5.45890
 kpt#  88, nband= 60, wtk=  1.00000, kpt=  0.0250  0.0000  0.0000 (reduced coord)
 -27.58459  -27.58459  -27.01703  -27.01702  -26.64072  -26.63940  -26.54311  -26.54125
 -26.31339  -26.31223  -26.18953  -26.18727  -26.00346  -25.99840  -25.97798  -25.97698
 -25.93031  -25.92800  -25.61119  -25.61108  -15.73218  -15.73218  -14.06577  -14.06577
  -9.49252   -9.49252   -6.90586   -6.90586   -5.94096   -5.94096   -5.19212   -5.19212
  -4.59185   -4.59185   -3.31433   -3.31433   -3.23693   -3.23693   -1.92210   -1.92210
   0.02505    0.02506    1.14787    1.14787    1.63416    1.63417    2.48779    2.48780
   2.54406    2.54406    3.40717    3.40717    3.57063    3.57064    4.23292    4.23292
   4.73478    4.73478    5.45184    5.45184
 kpt#  89, nband= 60, wtk=  1.00000, kpt=  0.0000  0.0000  0.0000 (reduced coord)
 -27.53503  -27.53503  -26.95490  -26.95490  -26.64758  -26.64758  -26.50247  -26.50247
 -26.28915  -26.28915  -26.15252  -26.15252  -25.96979  -25.96979  -25.87585  -25.87585
 -25.85078  -25.85078  -25.57883  -25.57883  -15.73493  -15.73493  -14.06434  -14.06434
  -9.48738   -9.48738   -6.87988   -6.87988   -5.95809   -5.95809   -5.20317   -5.20317
  -4.59280   -4.59280   -3.32335   -3.32335   -3.24056   -3.24056   -1.91242   -1.91242
   0.01781    0.01781    1.14672    1.14672    1.64776    1.64776    2.48460    2.48460
   2.55186    2.55186    3.40256    3.40256    3.57002    3.57002    4.24854    4.24854
   4.73995    4.73995    5.44923    5.44923
