 Eigenvalues (   eV  ) for nkpt=  89  k points:
 kpt#   1, nband= 60, wtk=  1.00000, kpt=  0.0000  0.0000  0.0000 (reduced coord)
 -26.41846  -26.41267  -26.40969  -26.40723  -26.36366  -26.35436  -26.35141  -26.34777
 -26.33540  -26.33013  -16.11509  -14.44727   -9.73925   -7.13524   -6.34763   -5.61466
  -5.00458   -3.71944   -3.68381   -2.30294   -0.40386    0.73738    1.30181    2.16622
   2.18155    3.04304    3.36450    3.91430    4.41198    5.03574    5.68696    6.06039
   6.78080    7.05444    7.07223    7.56243    7.58860    8.85412    9.05695    9.55477
   9.70563   10.04555   10.20875   10.46379   11.09171   11.42369   11.48107   11.57194
  12.01215   12.28503   12.40231   12.82154   13.01585   13.39318   13.51096   13.53904
  14.11928   14.69303   14.89971   14.99807
 kpt#   2, nband= 60, wtk=  1.00000, kpt=  0.0000  0.0208  0.0000 (reduced coord)
 -26.41841  -26.41263  -26.40972  -26.40725  -26.36365  -26.35437  -26.35143  -26.34780
 -26.33538  -26.33012  -16.11174  -14.44545   -9.74208   -7.14298   -6.34473   -5.61268
  -5.01296   -3.75462   -3.65247   -2.30477   -0.40028    0.75808    1.30351    2.13187
   2.20259    3.04744    3.37001    3.89522    4.41622    5.04041    5.66099    6.01451
   6.78091    7.03667    7.09491    7.51563    7.70018    8.87219    9.06933    9.51576
   9.76014   10.03810   10.22907   10.49656   11.09709   11.41685   11.44529   11.57624
  12.00278   12.29187   12.36821   12.69638   13.16913   13.18601   13.40355   13.76431
  14.18145   14.53128   14.91627   14.99507
 kpt#   3, nband= 60, wtk=  1.00000, kpt=  0.0000  0.0417  0.0000 (reduced coord)
 -26.41828  -26.41250  -26.40980  -26.40732  -26.36361  -26.35439  -26.35148  -26.34788
 -26.33532  -26.33009  -16.10170  -14.44005   -9.75058   -7.16628   -6.33601   -5.60704
  -5.03700   -3.80655   -3.61143   -2.31035   -0.38953    0.81887    1.30434    2.07338
   2.22682    3.06063    3.38529    3.83970    4.42780    5.05410    5.58926    5.89044
   6.79223    7.01305    7.12062    7.50420    7.88791    8.92626    9.10692    9.47397
   9.85035   10.01513   10.28109   10.59712   11.11334   11.30744   11.45178   11.58718
  11.91647   12.26853   12.31250   12.68056   12.79980   13.19742   13.59122   13.75802
  14.30503   14.32087   14.91146   14.99518
 kpt#   4, nband= 60, wtk=  1.00000, kpt=  0.0000  0.0625  0.0000 (reduced coord)
 -26.41805  -26.41228  -26.40992  -26.40744  -26.36354  -26.35442  -26.35156  -26.34802
 -26.33521  -26.33004  -16.08500  -14.43119   -9.76479   -7.20534   -6.32140   -5.59862
  -5.07343   -3.86228   -3.57181   -2.31991   -0.37160    0.91578    1.29153    2.00542
   2.25513    3.08260    3.40757    3.75264    4.44381    5.07572    5.48912    5.71600
   6.82924    6.96972    7.14208    7.52275    8.12276    9.01338    9.17114    9.47102
   9.94153    9.97527   10.35136   10.75536   11.14091   11.14936   11.47956   11.59517
  11.71650   12.21295   12.34723   12.45725   12.71656   13.11974   13.58898   13.73421
  14.25023   14.30103   14.95708   15.15235
 kpt#   5, nband= 60, wtk=  1.00000, kpt=  0.0000  0.0833  0.0000 (reduced coord)
 -26.41774  -26.41199  -26.41008  -26.40759  -26.36346  -26.35446  -26.35167  -26.34822
 -26.33508  -26.32998  -16.06170  -14.41910   -9.78476   -7.26039   -6.30084   -5.58922
  -5.11695   -3.91943   -3.53340   -2.33375   -0.34647    1.04214    1.24667    1.94535
   2.28997    3.11331    3.43399    3.64124    4.46101    5.10205    5.38375    5.51808
   6.88810    6.89294    7.16950    7.56348    8.38319    9.12322    9.26460    9.50927
   9.91791   10.03686   10.43703   10.93301   10.96105   11.18230   11.48901   11.52977
  11.56819   12.16446   12.19542   12.39659   12.66537   13.13784   13.34630   13.60196
  14.25918   14.44218   14.94026   15.22515
 kpt#   6, nband= 60, wtk=  1.00000, kpt=  0.0000  0.1042  0.0000 (reduced coord)
 -26.41736  -26.41164  -26.41028  -26.40778  -26.36334  -26.35451  -26.35180  -26.34846
 -26.33490  -26.32990  -16.03189  -14.40408   -9.81049   -7.33152   -6.27432   -5.58195
  -5.16035   -3.97576   -3.49551   -2.35225   -0.31413    1.15667    1.18832    1.90453
   2.33143    3.15269    3.46240    3.51436    4.47724    5.11600    5.29569    5.33116
   6.76904    6.97508    7.20800    7.62374    8.64776    9.23816    9.39153    9.58104
   9.84592   10.13941   10.53967   10.73955   11.04658   11.25177   11.32143   11.47528
  11.57569   12.06122   12.08849   12.46111   12.57381   13.10073   13.23330   13.37450
  14.21794   14.67183   14.98408   15.25688
 kpt#   7, nband= 60, wtk=  1.00000, kpt=  0.0000  0.1250  0.0000 (reduced coord)
 -26.41692  -26.41129  -26.41044  -26.40798  -26.36321  -26.35458  -26.35196  -26.34874
 -26.33469  -26.32980  -15.99567  -14.38655   -9.84188   -7.41855   -6.24188   -5.58138
  -5.19482   -4.02906   -3.45762   -2.37577   -0.27458    1.02454    1.34091    1.87689
   2.37838    3.20058    3.38220    3.49113    4.49236    5.02590    5.24341    5.26079
   6.62501    7.06528    7.25706    7.70255    8.89011    9.33931    9.55743    9.67573
   9.76963   10.23736   10.49323   10.65829   10.97700   11.19796   11.33248   11.46030
  11.64026   11.89157   12.09068   12.51764   12.54129   12.92813   13.09923   13.38165
  14.17002   14.79838   15.12910   15.28202
 kpt#   8, nband= 60, wtk=  1.00000, kpt=  0.0000  0.1458  0.0000 (reduced coord)
 -26.41644  -26.41117  -26.41035  -26.40820  -26.36306  -26.35466  -26.35214  -26.34906
 -26.33444  -26.32969  -15.95317  -14.36703   -9.87869   -7.52094   -6.20364   -5.59203
  -5.21187   -4.07737   -3.41953   -2.40462   -0.22782    0.86377    1.48169    1.84565
   2.42940    3.24672    3.26583    3.51843    4.50830    4.85508    5.24003    5.29763
   6.46902    7.15493    7.31542    7.79843    9.07037    9.41058    9.71158    9.76658
   9.78045   10.24383   10.28180   10.78292   10.83897   11.10427   11.38283   11.55343
  11.68074   11.74079   12.07637   12.45482   12.63820   12.89294   12.91939   13.49712
  14.10680   14.85600   15.28646   15.29504
 kpt#   9, nband= 60, wtk=  1.00000, kpt=  0.0000  0.1667  0.0000 (reduced coord)
 -26.41594  -26.41138  -26.40993  -26.40840  -26.36289  -26.35476  -26.35234  -26.34941
 -26.33417  -26.32958  -15.90455  -14.34616   -9.92044   -7.63774   -6.15983   -5.61466
  -5.20730   -4.11925   -3.38135   -2.43906   -0.17391    0.68787    1.58782    1.79601
   2.48371    3.14192    3.32378    3.54206    4.52801    4.70312    5.29299    5.35951
   6.31146    7.23851    7.38223    7.90839    9.13637    9.42980    9.70686    9.87838
   9.98430   10.04151   10.21340   10.78801   10.93326   11.01653   11.39737   11.54043
  11.64524   11.82054   12.05704   12.29795   12.75186   12.80607   13.07384   13.59777
  14.02693   14.89007   15.24040   15.34651
 kpt#  10, nband= 60, wtk=  1.00000, kpt=  0.0000  0.1875  0.0000 (reduced coord)
 -26.41545  -26.41170  -26.40941  -26.40854  -26.36270  -26.35488  -26.35255  -26.34979
 -26.33387  -26.32945  -15.85002  -14.32470   -9.96636   -7.76760   -6.11074   -5.64473
  -5.18290   -4.15391   -3.34352   -2.47923   -0.11298    0.50690    1.63707    1.72049
   2.54102    3.04576    3.39754    3.55947    4.55413    4.60664    5.40413    5.43287
   6.16037    7.31299    7.45699    8.02834    9.08158    9.35577    9.66948    9.90814
   9.93218   10.14947   10.25253   10.80095   10.94179   11.07607   11.35760   11.44767
  11.73776   11.92934   12.07003   12.12682   12.82340   12.87709   13.29050   13.67219
  13.94975   14.88648   15.10264   15.28794
 kpt#  11, nband= 60, wtk=  1.00000, kpt=  0.0000  0.2083  0.0000 (reduced coord)
 -26.41502  -26.41205  -26.40898  -26.40847  -26.36249  -26.35502  -26.35277  -26.35018
 -26.33354  -26.32932  -15.78981  -14.30353  -10.01539   -7.90882   -6.05677   -5.67572
  -5.14326   -4.18122   -3.30682   -2.52515   -0.04524    0.32821    1.61889    1.61915
   2.60047    2.95112    3.47963    3.56875    4.58876    4.59429    5.51351    5.57005
   6.02303    7.37601    7.53940    8.15410    8.95592    9.16830    9.52342    9.91693
   9.91950   10.20131   10.46021   10.75175   10.94312   11.20961   11.35757   11.39052
  11.83782   11.85787   12.05761   12.27716   12.88588   13.00199   13.44444   13.70839
  13.94980   14.82689   14.87352   15.15207
 kpt#  12, nband= 60, wtk=  1.00000, kpt=  0.0000  0.2292  0.0000 (reduced coord)
 -26.41467  -26.41242  -26.40884  -26.40799  -26.36228  -26.35518  -26.35298  -26.35058
 -26.33319  -26.32919  -15.72418  -14.28366  -10.06609   -8.05949   -5.99840   -5.70226
  -5.09257   -4.20166   -3.27224   -2.57668    0.02891    0.15743    1.49611    1.54173
   2.65951    2.83621    3.56923    3.56998    4.63375    4.68182    5.59422    5.78302
   5.91032    7.42398    7.62923    8.28198    8.79777    8.90979    9.37729    9.86953
   9.87324   10.29646   10.63869   10.65820   11.00843   11.30050   11.33022   11.46274
  11.75879   11.93811   12.20267   12.46269   12.97114   13.09374   13.46688   13.69432
  14.07608   14.63345   14.75845   14.99678
 kpt#  13, nband= 60, wtk=  1.00000, kpt=  0.0000  0.2500  0.0000 (reduced coord)
 -26.41446  -26.41278  -26.40869  -26.40739  -26.36205  -26.35536  -26.35320  -26.35098
 -26.33283  -26.32905  -15.65346  -14.26621  -10.11670   -8.21753   -5.93624   -5.72093
  -5.03385   -4.21621   -3.24100   -2.63347   -0.00085    0.10879    1.35898    1.42305
   2.69048    2.71310    3.56659    3.66577    4.69058    4.86108    5.64595    5.85564
   6.03246    7.45111    7.72630    8.40780    8.62347    8.63306    9.24805    9.76353
   9.76965   10.39275   10.61311   10.80966   10.93100   11.36822   11.37729   11.61580
  11.80653   12.03430   12.36618   12.62980   13.07087   13.10502   13.49925   13.63102
  14.11665   14.51175   14.73009   14.91301
 kpt#  14, nband= 60, wtk=  1.00000, kpt=  0.0000  0.2708  0.0000 (reduced coord)
 -26.41440  -26.41313  -26.40842  -26.40677  -26.36181  -26.35557  -26.35340  -26.35137
 -26.33246  -26.32893  -15.57801  -14.25241  -10.16518   -8.38085   -5.87103   -5.72985
  -4.96934   -4.22623   -3.21442   -2.69494   -0.14273    0.19305    1.21478    1.28111
   2.51816    2.75319    3.56632    3.76885    4.75988    5.10307    5.63045    5.90657
   6.30520    7.45066    7.83041    8.33028    8.46006    8.54781    9.12826    9.58035
   9.67613   10.47527   10.65764   10.66726   11.04450   11.42600   11.49061   11.77752
  11.94620   12.12206   12.54481   12.68654   13.10348   13.17808   13.54565   13.58601
  13.97047   14.51794   14.74675   14.95077
 kpt#  15, nband= 60, wtk=  1.00000, kpt=  0.0000  0.2917  0.0000 (reduced coord)
 -26.41449  -26.41347  -26.40803  -26.40617  -26.36157  -26.35580  -26.35360  -26.35175
 -26.33209  -26.32880  -15.49827  -14.24353  -10.20927   -8.54737   -5.80368   -5.72828
  -4.90083   -4.23334   -3.19372   -2.76025   -0.26498    0.27886    1.07020    1.13087
   2.32871    2.76938    3.58032    3.87808    4.84124    5.33869    5.64083    6.01726
   6.58182    7.42313    7.94068    8.04073    8.32691    8.65578    9.02102    9.35204
   9.62545   10.41414   10.55112   10.76175   11.23823   11.47054   11.59118   11.94012
  12.11407   12.18801   12.61670   12.72843   13.10808   13.27570   13.49308   13.67604
  13.86237   14.51660   14.78867   15.05466
 kpt#  16, nband= 60, wtk=  1.00000, kpt=  0.0000  0.3125  0.0000 (reduced coord)
 -26.41468  -26.41378  -26.40755  -26.40560  -26.36132  -26.35606  -26.35377  -26.35210
 -26.33171  -26.32870  -15.41471  -14.24087  -10.24662   -8.71509   -5.73529   -5.71625
  -4.82996   -4.23924   -3.17987   -2.82827   -0.36510    0.35915    0.93119    0.98741
   2.13058    2.75283    3.61896    3.99275    4.93343    5.40939    5.84764    6.15723
   6.81817    7.40111    7.75774    8.06003    8.19310    8.75386    8.95113    9.10535
   9.62656   10.16286   10.62617   10.89178   11.41213   11.50003   11.67953   12.10061
  12.19057   12.26105   12.55067   12.89788   13.00747   13.33409   13.54422   13.68181
  13.96756   14.51200   14.80481   15.05879
 kpt#  17, nband= 60, wtk=  1.00000, kpt=  0.0000  0.3333  0.0000 (reduced coord)
 -26.41493  -26.41407  -26.40702  -26.40508  -26.36107  -26.35634  -26.35393  -26.35243
 -26.33134  -26.32860  -15.32791  -14.24562  -10.27491   -8.88211   -5.69443   -5.66727
  -4.75839   -4.24559   -3.17333   -2.89751   -0.44153    0.41413    0.80307    0.87580
   1.93001    2.70126    3.68633    4.11174    5.03446    5.39408    6.13754    6.34377
   6.91185    7.48216    7.49165    8.05282    8.18386    8.81764    8.85639    8.94934
   9.66902    9.93983   10.69035   11.03517   11.51958   11.53366   11.77004   12.08560
  12.26629   12.36814   12.55661   12.84016   13.04040   13.38435   13.66769   13.68177
  14.18573   14.48407   14.64657   14.86845
 kpt#  18, nband= 60, wtk=  1.00000, kpt=  0.0000  0.3542  0.0000 (reduced coord)
 -26.41520  -26.41435  -26.40647  -26.40461  -26.36081  -26.35664  -26.35406  -26.35272
 -26.33098  -26.32852  -15.23850  -14.25884  -10.29196   -9.04663   -5.66394   -5.60129
  -4.68791   -4.25372   -3.17391   -2.96619   -0.49385    0.40288    0.69067    0.84045
   1.73158    2.61925    3.77962    4.23340    5.14165    5.37604    6.36037    6.61679
   6.84601    7.25736    7.65968    7.92559    8.30832    8.62103    8.86303    8.98470
   9.67433    9.84473   10.72513   11.18768   11.54470   11.56838   11.87740   11.93504
  12.40238   12.45344   12.52224   12.76375   13.16524   13.42462   13.67036   13.85678
  14.37932   14.39913   14.45477   14.61088
 kpt#  19, nband= 60, wtk=  1.00000, kpt=  0.0000  0.3750  0.0000 (reduced coord)
 -26.41546  -26.41461  -26.40593  -26.40420  -26.36055  -26.35695  -26.35417  -26.35299
 -26.33064  -26.32847  -15.14722  -14.28135  -10.29589   -9.20694   -5.62637   -5.53943
  -4.62044   -4.26448   -3.18072   -3.03215   -0.52284    0.31704    0.59844    0.89192
   1.53904    2.51402    3.89304    4.35522    5.25126    5.36753    6.53858    6.71885
   6.80763    7.17616    7.65819    7.99182    8.32262    8.52078    8.89295    9.00495
   9.61556    9.94854   10.71201   11.34701   11.52698   11.59528   11.77111   11.98084
  12.28148   12.54697   12.61739   12.83437   13.26162   13.43586   13.68978   13.98587
  14.16905   14.24640   14.43336   14.69078
 kpt#  20, nband= 60, wtk=  1.00000, kpt=  0.0000  0.3958  0.0000 (reduced coord)
 -26.41570  -26.41485  -26.40543  -26.40386  -26.36029  -26.35726  -26.35426  -26.35323
 -26.33033  -26.32843  -15.05489  -14.31364  -10.28525   -9.36143   -5.58368   -5.48412
  -4.55798   -4.27802   -3.19231   -3.09297   -0.53033    0.19933    0.53040    0.98772
   1.35679    2.39220    4.02077    4.47325    5.35790    5.36956    6.57753    6.67223
   6.72711    7.41260    7.51577    8.14283    8.16752    8.66064    8.79930    9.09076
   9.65850   10.10523   10.64591   11.44330   11.51007   11.59051   11.69519   12.04936
  12.08128   12.65720   12.78103   12.93128   13.27534   13.45122   13.72022   13.86598
  14.02476   14.05283   14.48968   14.80917
 kpt#  21, nband= 60, wtk=  1.00000, kpt=  0.0000  0.4167  0.0000 (reduced coord)
 -26.41591  -26.41505  -26.40497  -26.40359  -26.36003  -26.35758  -26.35431  -26.35343
 -26.33004  -26.32842  -14.96243  -14.35581  -10.25900   -9.50856   -5.53826   -5.43809
  -4.50246   -4.29379   -3.20678   -3.14611   -0.51878    0.07688    0.48994    1.08319
   1.20622    2.25898    4.15758    4.58098    5.38059    5.45344    6.44116    6.50770
   6.89539    7.37498    7.62265    8.03368    8.28467    8.64775    8.85273    9.22537
   9.78646   10.27397   10.53800   11.35101   11.41679   11.66451   11.80607   11.92000
  12.06004   12.76943   12.94617   13.00316   13.23704   13.41515   13.66224   13.74621
  13.86129   13.96105   14.63865   14.65762
 kpt#  22, nband= 60, wtk=  1.00000, kpt=  0.0000  0.4375  0.0000 (reduced coord)
 -26.41608  -26.41522  -26.40459  -26.40339  -26.35976  -26.35789  -26.35435  -26.35360
 -26.32979  -26.32843  -14.87089  -14.40762  -10.21665   -9.64683   -5.49296   -5.40407
  -4.45540   -4.31080   -3.22199   -3.18922   -0.49072   -0.03990    0.47944    0.99918
   1.25950    2.11828    4.29808    4.66779    5.39916    5.52600    6.32264    6.35737
   7.07931    7.26107    7.58505    8.14627    8.25925    8.56384    9.08816    9.37777
   9.96019   10.40465   10.40845   11.22873   11.29198   11.67616   11.90306   11.97793
  12.01137   12.84366   12.97477   13.11346   13.19368   13.31951   13.48676   13.70059
  13.80824   14.00691   14.45976   14.60959
 kpt#  23, nband= 60, wtk=  1.00000, kpt=  0.0000  0.4583  0.0000 (reduced coord)
 -26.41621  -26.41534  -26.40430  -26.40327  -26.35950  -26.35819  -26.35436  -26.35373
 -26.32959  -26.32845  -14.78138  -14.46844  -10.15815   -9.77481   -5.45103   -5.38438
  -4.41743   -4.32814   -3.23556   -3.22059   -0.44815   -0.14666    0.49989    0.85927
   1.39168    1.97309    4.43566    4.71813    5.42653    5.56168    6.23372    6.24808
   7.18939    7.26388    7.45361    8.09374    8.31707    8.56689    9.36141    9.53380
  10.15273   10.26151   10.43609   11.02797   11.31636   11.57909   11.94784   12.06793
  12.12063   12.80507   12.83143   13.07919   13.25496   13.28154   13.44977   13.68962
  13.83262   14.07636   14.30146   14.42785
 kpt#  24, nband= 60, wtk=  1.00000, kpt=  0.0000  0.4792  0.0000 (reduced coord)
 -26.41628  -26.41542  -26.40411  -26.40320  -26.35926  -26.35846  -26.35436  -26.35381
 -26.32946  -26.32848  -14.69511  -14.53739  -10.08388   -9.89115   -5.41600   -5.38025
  -4.38791   -4.34576   -3.24485   -3.23962   -0.39223   -0.24141    0.55067    0.73390
   1.53307    1.82583    4.56091    4.71664    5.46607    5.55388    6.18156    6.18548
   7.17175    7.29737    7.48901    7.89187    8.44595    8.56381    9.63418    9.68078
  10.13310   10.26091   10.42044   10.81846   11.39996   11.50745   11.95378   12.16599
  12.27645   12.65457   12.69830   12.90551   13.31490   13.34592   13.53989   13.70145
  13.88287   14.07345   14.20431   14.28890
 kpt#  25, nband= 60, wtk=  1.00000, kpt=  0.0000  0.5000  0.0000 (reduced coord)
 -26.41631  -26.41544  -26.40404  -26.40318  -26.35913  -26.35860  -26.35436  -26.35384
 -26.32941  -26.32849  -14.61364  -14.61308   -9.99479   -9.99433   -5.39153   -5.39128
  -4.36511   -4.36468   -3.24729   -3.24685   -0.32350   -0.32313    0.62951    0.62994
   1.67845    1.67861    4.66000    4.66038    5.51411    5.51445    6.16542    6.16547
   7.21163    7.21168    7.68597    7.68608    8.52617    8.52649    9.77014    9.77016
  10.12384   10.12404   10.60696   10.60703   11.45971   11.46004   12.07085   12.07104
  12.46659   12.46664   12.74570   12.74591   13.35745   13.35754   13.64764   13.64764
  13.97484   13.97485   14.21223   14.21235
 kpt#  26, nband= 60, wtk=  1.00000, kpt=  0.0250  0.5000  0.0000 (reduced coord)
 -26.41631  -26.41545  -26.40404  -26.40318  -26.35914  -26.35861  -26.35435  -26.35383
 -26.32941  -26.32849  -14.61264  -14.61207   -9.99341   -9.99295   -5.40129   -5.40104
  -4.37651   -4.37609   -3.24243   -3.24200   -0.33047   -0.33013    0.66832    0.66873
   1.67945    1.67961    4.65849    4.65887    5.51253    5.51286    6.16601    6.16606
   7.17944    7.17949    7.73665    7.73675    8.50802    8.50834    9.77831    9.77833
  10.11956   10.11974   10.60610   10.60618   11.46414   11.46447   12.02221   12.02242
  12.32667   12.32685   12.92887   12.92899   13.22665   13.22670   13.70884   13.70886
  13.85099   13.85107   14.38606   14.38608
 kpt#  27, nband= 60, wtk=  1.00000, kpt=  0.0500  0.5000  0.0000 (reduced coord)
 -26.41633  -26.41547  -26.40404  -26.40318  -26.35916  -26.35864  -26.35430  -26.35380
 -26.32941  -26.32849  -14.60964  -14.60908   -9.98930   -9.98884   -5.43012   -5.42987
  -4.40888   -4.40849   -3.23027   -3.22986   -0.34308   -0.34276    0.77641    0.77680
   1.68244    1.68260    4.65364    4.65401    5.50830    5.50863    6.16795    6.16801
   7.11247    7.11251    7.85734    7.85743    8.45609    8.45640    9.80157    9.80158
  10.11081   10.11097   10.60061   10.60069   11.47025   11.47056   11.82888   11.82900
  12.24501   12.24516   12.96260   12.96272   13.21637   13.21640   13.51046   13.51047
  14.04191   14.04197   14.45561   14.45568
 kpt#  28, nband= 60, wtk=  1.00000, kpt=  0.0750  0.5000  0.0000 (reduced coord)
 -26.41636  -26.41550  -26.40404  -26.40317  -26.35919  -26.35870  -26.35423  -26.35374
 -26.32941  -26.32849  -14.60472  -14.60416   -9.98256   -9.98210   -5.47667   -5.47642
  -4.45792   -4.45757   -3.21664   -3.21626   -0.34446   -0.34418    0.93658    0.93693
   1.68732    1.68747    4.64458    4.64494    5.50308    5.50339    6.17170    6.17176
   7.04647    7.04651    8.00438    8.00446    8.38018    8.38048    9.83569    9.83571
  10.10752   10.10765   10.58301   10.58309   11.45388   11.45414   11.57307   11.57311
  12.23708   12.23714   12.76686   12.76698   13.09630   13.09637   13.64254   13.64259
  14.26725   14.26728   14.37237   14.37244
 kpt#  29, nband= 60, wtk=  1.00000, kpt=  0.1000  0.5000  0.0000 (reduced coord)
 -26.41641  -26.41554  -26.40403  -26.40317  -26.35923  -26.35877  -26.35413  -26.35367
 -26.32942  -26.32849  -14.59798  -14.59742   -9.97335   -9.97289   -5.53864   -5.53839
  -4.51905   -4.51873   -3.20770   -3.20735   -0.32062   -0.32035    1.13320    1.13353
   1.69394    1.69409    4.63019    4.63053    5.49965    5.49995    6.17785    6.17791
   6.99634    6.99638    8.11986    8.11988    8.32534    8.32553    9.87260    9.87263
  10.12036   10.12045   10.54366   10.54377   11.27746   11.27756   11.45307   11.45337
  12.20860   12.20861   12.59332   12.59344   12.88197   12.88205   13.88149   13.88155
  14.26194   14.26203   14.49276   14.49278
 kpt#  30, nband= 60, wtk=  1.00000, kpt=  0.1250  0.5000  0.0000 (reduced coord)
 -26.41646  -26.41559  -26.40403  -26.40316  -26.35929  -26.35885  -26.35401  -26.35358
 -26.32942  -26.32850  -14.58955  -14.58899   -9.96190   -9.96143   -5.61294   -5.61269
  -4.58891   -4.58863   -3.20743   -3.20713   -0.26410   -0.26385    1.35497    1.35526
   1.70227    1.70242    4.60966    4.60999    5.50161    5.50189    6.18678    6.18685
   6.96629    6.96633    8.07394    8.07413    8.41819    8.41819    9.90238    9.90243
  10.14827   10.14832   10.47967   10.47982   11.04055   11.04078   11.39194   11.39227
  12.09709   12.09710   12.42562   12.42571   12.78040   12.78047   13.93967   13.93975
  14.26676   14.26678   14.72020   14.72027
 kpt#  31, nband= 60, wtk=  1.00000, kpt=  0.1500  0.5000  0.0000 (reduced coord)
 -26.41652  -26.41565  -26.40402  -26.40315  -26.35935  -26.35894  -26.35388  -26.35347
 -26.32942  -26.32850  -14.57963  -14.57906   -9.94847   -9.94801   -5.69593   -5.69568
  -4.66571   -4.66546   -3.21676   -3.21649   -0.17338   -0.17315    1.59275    1.59300
   1.71342    1.71359    4.58316    4.58346    5.51262    5.51287    6.19828    6.19836
   6.95600    6.95605    7.95156    7.95177    8.57427    8.57431    9.91820    9.91825
  10.13666   10.13673   10.44069   10.44079   10.83081   10.83112   11.31750   11.31784
  11.91606   11.91608   12.24910   12.24919   12.77913   12.77914   13.82425   13.82431
  14.34343   14.34346   14.86078   14.86083
 kpt#  32, nband= 60, wtk=  1.00000, kpt=  0.1750  0.5000  0.0000 (reduced coord)
 -26.41659  -26.41572  -26.40401  -26.40314  -26.35942  -26.35904  -26.35373  -26.35336
 -26.32942  -26.32850  -14.56842  -14.56785   -9.93342   -9.93296   -5.78380   -5.78356
  -4.74866   -4.74844   -3.23402   -3.23379   -0.05124   -0.05102    1.71860    1.71870
   1.84939    1.84971    4.55224    4.55251    5.53550    5.53571    6.21113    6.21121
   6.96309    6.96314    7.81871    7.81891    8.72950    8.72956    9.89331    9.89331
  10.03615   10.03622   10.50659   10.50665   10.64061   10.64094   11.23074   11.23104
  11.71657   11.71657   12.08998   12.09009   12.77395   12.77404   13.70708   13.70710
  14.33696   14.33700   14.76457   14.76461
 kpt#  33, nband= 60, wtk=  1.00000, kpt=  0.2000  0.5000  0.0000 (reduced coord)
 -26.41667  -26.41579  -26.40401  -26.40313  -26.35949  -26.35914  -26.35358  -26.35324
 -26.32943  -26.32851  -14.55617  -14.55560   -9.91713   -9.91667   -5.87292   -5.87269
  -4.83737   -4.83718   -3.25620   -3.25600    0.09688    0.09708    1.73239    1.73249
   2.10559    2.10588    4.51982    4.52005    5.57177    5.57195    6.22286    6.22295
   6.98418    6.98424    7.69209    7.69226    8.86907    8.86915    9.73810    9.73821
   9.99276    9.99283   10.44451   10.44473   10.64300   10.64300   11.11368   11.11391
  11.55554   11.55559   11.94702   11.94717   12.70964   12.70981   13.62539   13.62541
  14.27121   14.27126   14.67345   14.67354
 kpt#  34, nband= 60, wtk=  1.00000, kpt=  0.2250  0.5000  0.0000 (reduced coord)
 -26.41675  -26.41587  -26.40400  -26.40312  -26.35956  -26.35924  -26.35343  -26.35311
 -26.32943  -26.32851  -14.54317  -14.54260   -9.90001   -9.89955   -5.96005   -5.95983
  -4.93129   -4.93113   -3.28011   -3.27995    0.26404    0.26422    1.74700    1.74709
   2.36520    2.36548    4.48969    4.48988    5.62171    5.62184    6.22979    6.22990
   7.01524    7.01530    7.58324    7.58339    8.97828    8.97839    9.53086    9.53095
   9.96855    9.96873   10.27141   10.27152   10.75089   10.75090   10.97989   10.98006
  11.47134   11.47147   11.81605   11.81622   12.59054   12.59077   13.55471   13.55474
  14.18999   14.19007   14.59594   14.59606
 kpt#  35, nband= 60, wtk=  1.00000, kpt=  0.2500  0.5000  0.0000 (reduced coord)
 -26.41683  -26.41595  -26.40399  -26.40312  -26.35963  -26.35933  -26.35327  -26.35299
 -26.32943  -26.32852  -14.52971  -14.52914   -9.88253   -9.88207   -6.04241   -6.04220
  -5.02942   -5.02928   -3.30317   -3.30304    0.44241    0.44256    1.76497    1.76503
   2.62230    2.62257    4.46591    4.46607    5.68469    5.68479    6.22751    6.22765
   7.05154    7.05160    7.50341    7.50354    9.01094    9.01112    9.36865    9.36866
   9.86981    9.87009   10.17111   10.17115   10.63276   10.63276   11.02013   11.02024
  11.44681   11.44695   11.71205   11.71222   12.45018   12.45044   13.46256   13.46257
  14.09006   14.09016   14.56538   14.56555
 kpt#  36, nband= 60, wtk=  1.00000, kpt=  0.2750  0.5000  0.0000 (reduced coord)
 -26.41691  -26.41603  -26.40398  -26.40311  -26.35969  -26.35942  -26.35312  -26.35287
 -26.32944  -26.32852  -14.51613  -14.51556   -9.86515   -9.86469   -6.11778   -6.11758
  -5.13026   -5.13013   -3.32367   -3.32356    0.62334    0.62346    1.78895    1.78897
   2.87139    2.87165    4.45244    4.45256    5.75946    5.75952    6.21245    6.21261
   7.08840    7.08846    7.46245    7.46254    8.88948    8.88967    9.33540    9.33542
   9.68768    9.68793   10.15513   10.15518   10.40309   10.40310   11.08835   11.08842
  11.43830   11.43836   11.69782   11.69791   12.31782   12.31810   13.34611   13.34611
  13.96145   13.96155   14.58080   14.58102
 kpt#  37, nband= 60, wtk=  1.00000, kpt=  0.3000  0.5000  0.0000 (reduced coord)
 -26.41699  -26.41611  -26.40397  -26.40310  -26.35976  -26.35951  -26.35298  -26.35275
 -26.32944  -26.32853  -14.50276  -14.50219   -9.84832   -9.84786   -6.18443   -6.18425
  -5.23187   -5.23175   -3.34075   -3.34066    0.79706    0.79713    1.82290    1.82292
   3.10603    3.10628    4.45299    4.45307    5.84388    5.84389    6.18455    6.18474
   7.12418    7.12424    7.46374    7.46381    8.68561    8.68577    9.33278    9.33287
   9.50772    9.50782   10.14912   10.14918   10.18079   10.18088   11.05822   11.05823
  11.41860   11.41861   11.81859   11.81862   12.21341   12.21369   13.21746   13.21746
  13.81934   13.81944   14.58752   14.58781
 kpt#  38, nband= 60, wtk=  1.00000, kpt=  0.3250  0.5000  0.0000 (reduced coord)
 -26.41707  -26.41619  -26.40397  -26.40309  -26.35981  -26.35959  -26.35285  -26.35264
 -26.32945  -26.32853  -14.48994  -14.48936   -9.83248   -9.83202   -6.24120   -6.24103
  -5.33196   -5.33185   -3.35420   -3.35413    0.95286    0.95288    1.87205    1.87213
   3.31849    3.31872    4.47103    4.47107    5.93243    5.93251    6.15126    6.15151
   7.16255    7.16259    7.49996    7.50002    8.46949    8.46961    9.18518    9.18537
   9.45626    9.45634    9.92339    9.92344   10.19327   10.19332   10.96227   10.96235
  11.40325   11.40326   11.98905   11.98922   12.16293   12.16313   13.08832   13.08832
  13.68221   13.68231   14.52268   14.52303
 kpt#  39, nband= 60, wtk=  1.00000, kpt=  0.3500  0.5000  0.0000 (reduced coord)
 -26.41714  -26.41626  -26.40396  -26.40308  -26.35987  -26.35966  -26.35273  -26.35253
 -26.32945  -26.32853  -14.47800  -14.47743   -9.81803   -9.81757   -6.28745   -6.28729
  -5.42801   -5.42791   -3.36427   -3.36422    1.08073    1.08077    1.94098    1.94112
   3.50018    3.50040    4.50933    4.50934    6.00057    6.00076    6.14263    6.14296
   7.20830    7.20833    7.55601    7.55605    8.26310    8.26319    8.96906    8.96923
   9.43597    9.43609    9.71146    9.71152   10.21758   10.21760   10.85178   10.85190
  11.39081   11.39084   12.05306   12.05341   12.26167   12.26172   12.97082   12.97083
  13.56429   13.56439   14.39153   14.39191
 kpt#  40, nband= 60, wtk=  1.00000, kpt=  0.3750  0.5000  0.0000 (reduced coord)
 -26.41721  -26.41632  -26.40396  -26.40307  -26.35991  -26.35972  -26.35262  -26.35245
 -26.32945  -26.32854  -14.46727  -14.46669   -9.80529   -9.80484   -6.32313   -6.32299
  -5.51732   -5.51722   -3.37143   -3.37140    1.17536    1.17545    2.02949    2.02968
   3.64368    3.64388    4.56824    4.56829    6.00120    6.00130    6.21218    6.21239
   7.26262    7.26264    7.60835    7.60836    8.08769    8.08773    8.74922    8.74937
   9.34424    9.34433    9.56708    9.56709   10.23686   10.23687   10.75490   10.75505
  11.38158   11.38161   12.05646   12.05681   12.40705   12.40709   12.88745   12.88747
  13.47786   13.47794   14.24676   14.24716
 kpt#  41, nband= 60, wtk=  1.00000, kpt=  0.4000  0.5000  0.0000 (reduced coord)
 -26.41726  -26.41637  -26.40395  -26.40307  -26.35995  -26.35977  -26.35254  -26.35237
 -26.32945  -26.32854  -14.45804  -14.45746   -9.79455   -9.79410   -6.34881   -6.34868
  -5.59699   -5.59689   -3.37627   -3.37624    1.23876    1.23889    2.12969    2.12992
   3.74630    3.74648    4.64291    4.64300    5.97401    5.97406    6.32438    6.32449
   7.32182    7.32182    7.60662    7.60664    7.99435    7.99439    8.53760    8.53771
   9.17279    9.17281    9.50049    9.50055   10.23810   10.23814   10.69025   10.69038
  11.37879   11.37884   12.06836   12.06869   12.46089   12.46093   12.87285   12.87285
  13.43056   13.43061   14.13173   14.13214
 kpt#  42, nband= 60, wtk=  1.00000, kpt=  0.4250  0.5000  0.0000 (reduced coord)
 -26.41730  -26.41642  -26.40395  -26.40306  -26.35998  -26.35980  -26.35247  -26.35231
 -26.32945  -26.32854  -14.45057  -14.44999   -9.78602   -9.78556   -6.36568   -6.36557
  -5.66394   -5.66384   -3.37935   -3.37933    1.27796    1.27812    2.22820    2.22846
   3.81205    3.81222    4.72225    4.72238    5.94969    5.94973    6.44941    6.44945
   7.36370    7.36375    7.53235    7.53239    8.02146    8.02153    8.34147    8.34156
   8.98542    8.98543    9.45898    9.45908   10.21248   10.21257   10.66685   10.66696
  11.38302   11.38307   12.08631   12.08660   12.42468   12.42475   12.90531   12.90534
  13.40867   13.40870   14.08570   14.08610
 kpt#  43, nband= 60, wtk=  1.00000, kpt=  0.4500  0.5000  0.0000 (reduced coord)
 -26.41734  -26.41645  -26.40394  -26.40306  -26.36000  -26.35983  -26.35242  -26.35227
 -26.32946  -26.32854  -14.44507  -14.44449   -9.77983   -9.77938   -6.37550   -6.37540
  -5.71500   -5.71489   -3.38116   -3.38115    1.30050    1.30067    2.31082    2.31109
   3.84940    3.84957    4.79213    4.79229    5.93349    5.93353    6.57793    6.57795
   7.29640    7.29648    7.53322    7.53332    8.10205    8.10208    8.17842    8.17852
   8.80763    8.80766    9.42924    9.42934   10.17086   10.17098   10.67323   10.67332
  11.39117   11.39123   12.10358   12.10383   12.36516   12.36527   12.93526   12.93532
  13.37850   13.37856   14.12714   14.12749
 kpt#  44, nband= 60, wtk=  1.00000, kpt=  0.4750  0.5000  0.0000 (reduced coord)
 -26.41736  -26.41647  -26.40394  -26.40306  -26.36001  -26.35985  -26.35238  -26.35224
 -26.32946  -26.32855  -14.44171  -14.44113   -9.77608   -9.77563   -6.38027   -6.38017
  -5.74716   -5.74705   -3.38209   -3.38208    1.31194    1.31211    2.36568    2.36596
   3.86737    3.86754    4.83982    4.83999    5.92483    5.92487    6.69602    6.69610
   7.17379    7.17381    7.59867    7.59879    8.01956    8.01956    8.23000    8.23008
   8.65479    8.65484    9.41142    9.41152   10.13502   10.13515   10.68764   10.68772
  11.39860   11.39867   12.11576   12.11595   12.31897   12.31912   12.95583   12.95588
  13.33923   13.33935   14.21268   14.21299
 kpt#  45, nband= 60, wtk=  1.00000, kpt=  0.5000  0.5000  0.0000 (reduced coord)
 -26.41736  -26.41647  -26.40394  -26.40306  -26.36002  -26.35986  -26.35237  -26.35223
 -26.32946  -26.32855  -14.44058  -14.43999   -9.77483   -9.77438   -6.38163   -6.38154
  -5.75817   -5.75805   -3.38238   -3.38237    1.31542    1.31559    2.38490    2.38518
   3.87256    3.87273    4.85672    4.85690    5.92217    5.92222    6.75535    6.75547
   7.10993    7.10996    7.63738    7.63752    7.95951    7.95953    8.29078    8.29086
   8.57818    8.57823    9.40558    9.40568   10.12119   10.12132   10.69424   10.69432
  11.40154   11.40161   12.12023   12.12040   12.30181   12.30198   12.96427   12.96432
  13.32065   13.32079   14.25783   14.25814
 kpt#  46, nband= 60, wtk=  1.00000, kpt=  0.5000  0.4792  0.0000 (reduced coord)
 -26.41733  -26.41645  -26.40398  -26.40310  -26.36001  -26.35984  -26.35237  -26.35222
 -26.32948  -26.32856  -14.44472  -14.44414   -9.77098   -9.77053   -6.39693   -6.39678
  -5.73200   -5.73186   -3.38344   -3.38341    1.31688    1.31706    2.37649    2.37677
   3.87667    3.87684    4.84394    4.84411    5.92257    5.92266    6.67860    6.67867
   7.17964    7.17976    7.61673    7.61689    7.97834    7.97840    8.23089    8.23098
   8.67244    8.67248    9.40754    9.40765   10.12614   10.12627   10.68631   10.68639
  11.36354   11.36364   12.08338   12.08361   12.29693   12.29704   12.98209   12.98215
  13.40583   13.40596   14.25654   14.25688
 kpt#  47, nband= 60, wtk=  1.00000, kpt=  0.5000  0.4583  0.0000 (reduced coord)
 -26.41724  -26.41636  -26.40412  -26.40323  -26.35997  -26.35979  -26.35236  -26.35220
 -26.32953  -26.32862  -14.45700  -14.45642   -9.75978   -9.75932   -6.43487   -6.43465
  -5.66140   -5.66123   -3.38635   -3.38629    1.32077    1.32095    2.35248    2.35276
   3.88744    3.88762    4.80677    4.80693    5.92137    5.92153    6.53554    6.53556
   7.27753    7.27772    7.59694    7.59710    7.96238    7.96248    8.21427    8.21438
   8.84761    8.84765    9.41175    9.41187   10.14017   10.14030   10.66456   10.66463
  11.25270   11.25285   11.97702   11.97725   12.33951   12.33957   13.04639   13.04646
  13.55242   13.55247   14.29822   14.29864
 kpt#  48, nband= 60, wtk=  1.00000, kpt=  0.5000  0.4375  0.0000 (reduced coord)
 -26.41710  -26.41621  -26.40433  -26.40345  -26.35991  -26.35971  -26.35234  -26.35217
 -26.32962  -26.32871  -14.47702  -14.47643   -9.74221   -9.74177   -6.48050   -6.48023
  -5.56138   -5.56121   -3.39030   -3.39021    1.32561    1.32580    2.31611    2.31639
   3.90043    3.90063    4.74854    4.74869    5.91044    5.91069    6.39295    6.39305
   7.29179    7.29195    7.60428    7.60441    7.93245    7.93259    8.30918    8.30930
   9.03483    9.03490    9.41571    9.41584   10.15923   10.15936   10.63421   10.63429
  11.08847   11.08866   11.87444   11.87463   12.43465   12.43469   13.14509   13.14516
  13.61379   13.61380   14.46519   14.46566
 kpt#  49, nband= 60, wtk=  1.00000, kpt=  0.5000  0.4167  0.0000 (reduced coord)
 -26.41690  -26.41602  -26.40463  -26.40375  -26.35983  -26.35960  -26.35232  -26.35211
 -26.32974  -26.32883  -14.50412  -14.50354   -9.71987   -9.71943   -6.52186   -6.52155
  -5.44420   -5.44402   -3.39396   -3.39384    1.32907    1.32927    2.27181    2.27209
   3.90891    3.90914    4.67449    4.67462    5.87453    5.87486    6.27754    6.27771
   7.24807    7.24817    7.53128    7.53139    8.04127    8.04133    8.44580    8.44595
   9.19488    9.19500    9.43102    9.43111   10.17237   10.17249   10.60072   10.60080
  10.92020   10.92037   11.81687   11.81704   12.56137   12.56139   13.23543   13.23551
  13.60841   13.60842   14.72974   14.73017
 kpt#  50, nband= 60, wtk=  1.00000, kpt=  0.5000  0.3958  0.0000 (reduced coord)
 -26.41665  -26.41577  -26.40500  -26.40412  -26.35972  -26.35947  -26.35228  -26.35204
 -26.32990  -26.32898  -14.53749  -14.53691   -9.69476   -9.69432   -6.55116   -6.55082
  -5.31822   -5.31806   -3.39543   -3.39528    1.32819    1.32840    2.22419    2.22447
   3.90394    3.90418    4.59217    4.59230    5.79907    5.79942    6.20447    6.20466
   7.19836    7.19845    7.40619    7.40629    8.23330    8.23335    8.60004    8.60022
   9.25281    9.25299    9.50463    9.50464   10.16960   10.16973   10.55444   10.55455
  10.82589   10.82597   11.80708   11.80726   12.70308   12.70310   13.24444   13.24450
  13.65762   13.65766   14.96763   15.03370
 kpt#  51, nband= 60, wtk=  1.00000, kpt=  0.5000  0.3750  0.0000 (reduced coord)
 -26.41635  -26.41548  -26.40544  -26.40457  -26.35961  -26.35931  -26.35224  -26.35196
 -26.33008  -26.32916  -14.57617  -14.57558   -9.66912   -9.66869   -6.56333   -6.56296
  -5.18969   -5.18954   -3.39222   -3.39203    1.31986    1.32009    2.17715    2.17743
   3.87413    3.87441    4.51242    4.51257    5.69013    5.69047    6.16505    6.16521
   7.15510    7.15520    7.28520    7.28528    8.44620    8.44634    8.75534    8.75553
   9.22714    9.22733    9.58043    9.58052   10.18539   10.18548   10.48095   10.48106
  10.85942   10.85946   11.83788   11.83805   12.82971   12.82973   13.18839   13.18846
  13.78140   13.78146   14.76914   14.76937
 kpt#  52, nband= 60, wtk=  1.00000, kpt=  0.5000  0.3542  0.0000 (reduced coord)
 -26.41602  -26.41515  -26.40595  -26.40507  -26.35948  -26.35914  -26.35218  -26.35186
 -26.33028  -26.32937  -14.61911  -14.61853   -9.64519   -9.64477   -6.55490   -6.55451
  -5.06395   -5.06383   -3.38132   -3.38109    1.30148    1.30173    2.13312    2.13340
   3.80747    3.80779    4.44798    4.44819    5.56661    5.56692    6.13749    6.13761
   7.07881    7.07885    7.23157    7.23160    8.64108    8.64130    8.87091    8.87114
   9.22106    9.22128    9.57988    9.58000   10.24989   10.24994   10.43785   10.43796
  10.98244   10.98250   11.89859   11.89877   12.85378   12.85382   13.20353   13.20359
  13.90010   13.90017   14.51713   14.51734
 kpt#  53, nband= 60, wtk=  1.00000, kpt=  0.5000  0.3333  0.0000 (reduced coord)
 -26.41566  -26.41479  -26.40650  -26.40563  -26.35935  -26.35896  -26.35210  -26.35173
 -26.33050  -26.32959  -14.66526  -14.66467   -9.62498   -9.62457   -6.52358   -6.52317
  -4.94605   -4.94595   -3.35936   -3.35908    1.27166    1.27192    2.09251    2.09278
   3.69778    3.69811    4.40711    4.40737    5.44185    5.44215    6.10800    6.10810
   6.96229    6.96230    7.26138    7.26145    8.69433    8.69467    8.97361    8.97388
   9.30549    9.30570    9.57232    9.57237   10.23125   10.23130   10.55197   10.55204
  11.15578   11.15584   11.97561   11.97579   12.75501   12.75507   13.32733   13.32738
  13.88481   13.88497   14.40235   14.40245
 kpt#  54, nband= 60, wtk=  1.00000, kpt=  0.5000  0.3125  0.0000 (reduced coord)
 -26.41528  -26.41442  -26.40708  -26.40623  -26.35921  -26.35877  -26.35202  -26.35159
 -26.33074  -26.32983  -14.71357  -14.71299   -9.60999   -9.60959   -6.46813   -6.46769
  -4.84069   -4.84059   -3.32301   -3.32269    1.23047    1.23074    2.05363    2.05389
   3.54948    3.54979    4.38823    4.38854    5.32319    5.32349    6.07277    6.07285
   6.84330    6.84331    7.33774    7.33785    8.57311    8.57349    9.10730    9.10755
   9.39169    9.39190    9.68714    9.68740   10.16511   10.16517   10.74884   10.74890
  11.36097   11.36102   12.05289   12.05305   12.62060   12.62069   13.46191   13.46199
  13.72165   13.72187   14.47057   14.47064
 kpt#  55, nband= 60, wtk=  1.00000, kpt=  0.5000  0.2917  0.0000 (reduced coord)
 -26.41489  -26.41404  -26.40769  -26.40685  -26.35908  -26.35858  -26.35191  -26.35143
 -26.33099  -26.33008  -14.76305  -14.76246   -9.60112   -9.60072   -6.38826   -6.38780
  -4.75169   -4.75159   -3.26982   -3.26945    1.17915    1.17942    2.01324    2.01349
   3.37332    3.37361    4.38364    4.38400    5.21533    5.21564    6.03368    6.03375
   6.73220    6.73221    7.44596    7.44611    8.40145    8.40184    9.14366    9.14380
   9.51802    9.51827    9.88983    9.89013   10.12892   10.12903   10.94564   10.94573
  11.58733   11.58738   12.11725   12.11738   12.48285   12.48295   13.45534   13.45552
  13.69288   13.69295   14.57336   14.57343
 kpt#  56, nband= 60, wtk=  1.00000, kpt=  0.5000  0.2708  0.0000 (reduced coord)
 -26.41450  -26.41367  -26.40830  -26.40748  -26.35895  -26.35840  -26.35179  -26.35125
 -26.33125  -26.33034  -14.81275  -14.81216   -9.59858   -9.59818   -6.28462   -6.28415
  -4.68127   -4.68115   -3.19908   -3.19868    1.11936    1.11962    1.96747    1.96772
   3.18080    3.18104    4.38455    4.38495    5.12211    5.12243    5.99444    5.99450
   6.63322    6.63323    7.57431    7.57450    8.22059    8.22097    9.12009    9.12019
   9.65056    9.65079   10.01705   10.01717   10.25755   10.25788   11.10084   11.10097
  11.82624   11.82627   12.17350   12.17355   12.35146   12.35157   13.37106   13.37127
  13.79983   13.79988   14.65134   14.65142
 kpt#  57, nband= 60, wtk=  1.00000, kpt=  0.5000  0.2500  0.0000 (reduced coord)
 -26.41414  -26.41334  -26.40888  -26.40808  -26.35883  -26.35822  -26.35165  -26.35106
 -26.33151  -26.33060  -14.86182  -14.86123   -9.60200   -9.60161   -6.15866   -6.15817
  -4.62951   -4.62937   -3.11252   -3.11208    1.05246    1.05269    1.91271    1.91294
   2.98249    2.98269    4.38281    4.38323    5.04676    5.04709    5.95812    5.95817
   6.55034    6.55036    7.70584    7.70608    8.05000    8.05035    9.09412    9.09421
   9.68889    9.68903   10.11983   10.11996   10.52192   10.52231   11.18823   11.18842
  12.06842   12.06844   12.14655   12.14670   12.34239   12.34245   13.36203   13.36226
  13.89604   13.89610   14.70087   14.70095
 kpt#  58, nband= 60, wtk=  1.00000, kpt=  0.5000  0.2292  0.0000 (reduced coord)
 -26.41385  -26.41308  -26.40940  -26.40863  -26.35872  -26.35806  -26.35150  -26.35085
 -26.33177  -26.33085  -14.90949  -14.90890   -9.61058   -9.61020   -6.01251   -6.01202
  -4.59450   -4.59434   -3.01422   -3.01376    0.97899    0.97917    1.84640    1.84663
   2.78823    2.78839    4.37189    4.37231    4.99096    4.99129    5.92574    5.92578
   6.48859    6.48862    7.77082    7.77122    7.95310    7.95338    9.08641    9.08651
   9.65358    9.65367   10.23238   10.23256   10.80477   10.80517   11.24797   11.24817
  11.98452   11.98466   12.31675   12.31681   12.52835   12.52838   13.41439   13.41460
  13.96792   13.96800   14.73668   14.73677
 kpt#  59, nband= 60, wtk=  1.00000, kpt=  0.5000  0.2083  0.0000 (reduced coord)
 -26.41366  -26.41291  -26.40982  -26.40908  -26.35862  -26.35791  -26.35133  -26.35064
 -26.33202  -26.33110  -14.95507  -14.95448   -9.62323   -9.62285   -5.84886   -5.84835
  -4.57306   -4.57289   -2.91001   -2.90953    0.89844    0.89857    1.76825    1.76848
   2.60658    2.60676    4.34871    4.34912    4.95320    4.95351    5.89568    5.89572
   6.45403    6.45407    7.65949    7.65991    8.02964    8.02988    9.10737    9.10749
   9.59769    9.59776   10.26237   10.26257   11.07239   11.07275   11.38490   11.38503
  11.80963   11.80975   12.56502   12.56509   12.77949   12.77953   13.49215   13.49233
  14.02324   14.02333   14.77014   14.77025
 kpt#  60, nband= 60, wtk=  1.00000, kpt=  0.5000  0.1875  0.0000 (reduced coord)
 -26.41363  -26.41288  -26.41010  -26.40935  -26.35853  -26.35778  -26.35116  -26.35042
 -26.33226  -26.33134  -14.99796  -14.99737   -9.63874   -9.63836   -5.67090   -5.67039
  -4.56153   -4.56135   -2.80668   -2.80619    0.80951    0.80959    1.68167    1.68189
   2.44350    2.44373    4.31458    4.31497    4.92864    4.92893    5.86474    5.86477
   6.45199    6.45203    7.51479    7.51518    8.12732    8.12754    9.15946    9.15959
   9.54249    9.54256   10.19015   10.19034   11.31457   11.31483   11.58684   11.58702
  11.69878   11.69890   12.80141   12.80149   13.06047   13.06051   13.56764   13.56780
  14.07993   14.08004   14.78837   14.78848
 kpt#  61, nband= 60, wtk=  1.00000, kpt=  0.5000  0.1667  0.0000 (reduced coord)
 -26.41378  -26.41299  -26.41022  -26.40944  -26.35846  -26.35767  -26.35098  -26.35020
 -26.33249  -26.33157  -15.03762  -15.03703   -9.65591   -9.65554   -5.48249   -5.48197
  -4.55619   -4.55600   -2.71134   -2.71085    0.71098    0.71109    1.59443    1.59463
   2.30075    2.30104    4.27363    4.27398    4.91134    4.91161    5.83066    5.83070
   6.48380    6.48385    7.37558    7.37595    8.20477    8.20496    9.22763    9.22777
   9.50024    9.50033   10.06886   10.06903   11.36774   11.36785   11.67612   11.67618
  11.97177   11.97186   12.99653   12.99663   13.35856   13.35860   13.62574   13.62586
  14.16266   14.16277   14.74189   14.74195
 kpt#  62, nband= 60, wtk=  1.00000, kpt=  0.5000  0.1458  0.0000 (reduced coord)
 -26.41407  -26.41323  -26.41021  -26.40937  -26.35840  -26.35757  -26.35081  -26.34999
 -26.33269  -26.33178  -15.07360  -15.07301   -9.67362   -9.67325   -5.28854   -5.28803
  -4.55320   -4.55302   -2.63099   -2.63050    0.60361    0.60381    1.51666    1.51682
   2.17608    2.17642    4.23035    4.23067    4.89688    4.89712    5.79390    5.79393
   6.54500    6.54507    7.24687    7.24722    8.26380    8.26394    9.27167    9.27178
   9.47962    9.47979    9.96059    9.96073   11.22318   11.22332   11.95804   11.95814
  12.30670   12.30679   13.12238   13.12252   13.64010   13.64024   13.68526   13.68529
  14.28737   14.28747   14.63998   14.63999
 kpt#  63, nband= 60, wtk=  1.00000, kpt=  0.5000  0.1250  0.0000 (reduced coord)
 -26.41442  -26.41355  -26.41010  -26.40923  -26.35835  -26.35750  -26.35064  -26.34980
 -26.33288  -26.33197  -15.10552  -15.10492   -9.69088   -9.69051   -5.09628   -5.09579
  -4.54764   -4.54745   -2.57192   -2.57144    0.49167    0.49196    1.45686    1.45701
   2.06528    2.06565    4.18835    4.18865    4.88312    4.88334    5.75675    5.75678
   6.62668    6.62675    7.13053    7.13086    8.31462    8.31473    9.26724    9.26730
   9.44767    9.44794    9.91993    9.92005   11.09001   11.09017   12.27189   12.27200
  12.64703   12.64714   13.17390   13.17409   13.66506   13.66517   13.96662   13.96664
  14.38237   14.38246   14.62829   14.62836
 kpt#  64, nband= 60, wtk=  1.00000, kpt=  0.5000  0.1042  0.0000 (reduced coord)
 -26.41478  -26.41388  -26.40994  -26.40905  -26.35831  -26.35743  -26.35049  -26.34962
 -26.33305  -26.33213  -15.13304  -15.13245   -9.70684   -9.70648   -4.91873   -4.91830
  -4.53029   -4.53006   -2.53872   -2.53824    0.38268    0.38304    1.41944    1.41961
   1.96433    1.96472    4.15012    4.15040    4.86971    4.86992    5.72178    5.72181
   6.71776    6.71784    7.02830    7.02862    8.36807    8.36814    9.23658    9.23661
   9.36867    9.36895    9.93359    9.93367   11.01599   11.01618   12.58995   12.59007
  12.95375   12.95393   13.18801   13.18831   13.66369   13.66378   14.14291   14.14295
  14.44288   14.44297   14.82680   14.82689
 kpt#  65, nband= 60, wtk=  1.00000, kpt=  0.5000  0.0833  0.0000 (reduced coord)
 -26.41511  -26.41420  -26.40978  -26.40887  -26.35828  -26.35738  -26.35035  -26.34946
 -26.33319  -26.33227  -15.15591  -15.15532   -9.72080   -9.72044   -4.78202   -4.78170
  -4.48089   -4.48053   -2.53275   -2.53228    0.28511    0.28553    1.40500    1.40521
   1.87057    1.87097    4.11730    4.11757    4.85718    4.85738    5.69104    5.69106
   6.80579    6.80589    6.94332    6.94360    8.43259    8.43264    9.19239    9.19242
   9.27609    9.27634    9.92307    9.92310   11.03668   11.03691   12.84350   12.84369
  13.08354   13.08371   13.33402   13.33428   13.69051   13.69060   14.12703   14.12710
  14.67235   14.67241   15.07869   15.07878
 kpt#  66, nband= 60, wtk=  1.00000, kpt=  0.5000  0.0625  0.0000 (reduced coord)
 -26.41539  -26.41447  -26.40963  -26.40872  -26.35825  -26.35735  -26.35024  -26.34934
 -26.33330  -26.33238  -15.17391  -15.17332   -9.73222   -9.73186   -4.71059   -4.71036
  -4.38366   -4.38314   -2.55039   -2.54992    0.20578    0.20621    1.41181    1.41204
   1.78293    1.78334    4.09095    4.09121    4.84637    4.84655    5.66596    5.66598
   6.85109    6.85137    6.90722    6.90733    8.51297    8.51303    9.12368    9.12379
   9.21060    9.21076    9.85977    9.85981   11.15036   11.15061   12.81140   12.81165
  13.28665   13.28687   13.48323   13.48353   13.81558   13.81562   14.14087   14.14101
  14.87923   14.87931   15.29477   15.29489
 kpt#  67, nband= 60, wtk=  1.00000, kpt=  0.5000  0.0417  0.0000 (reduced coord)
 -26.41559  -26.41467  -26.40952  -26.40860  -26.35824  -26.35732  -26.35016  -26.34925
 -26.33338  -26.33245  -15.18688  -15.18629   -9.74066   -9.74030   -4.68406   -4.68383
  -4.27124   -4.27064   -2.58171   -2.58125    0.14847    0.14891    1.43666    1.43691
   1.70214    1.70256    4.07173    4.07199    4.83804    4.83822    5.64747    5.64749
   6.81085    6.81115    6.95704    6.95707    8.60917    8.60926    9.03616    9.03633
   9.17419    9.17431    9.77286    9.77294   11.31444   11.31469   12.65779   12.65807
  13.39253   13.39265   13.67974   13.67999   13.92642   13.92647   14.30038   14.30056
  14.96081   14.96095   15.35551   15.35575
 kpt#  68, nband= 60, wtk=  1.00000, kpt=  0.5000  0.0208  0.0000 (reduced coord)
 -26.41572  -26.41479  -26.40945  -26.40853  -26.35823  -26.35731  -26.35011  -26.34919
 -26.33343  -26.33250  -15.19471  -15.19412   -9.74584   -9.74548   -4.67498   -4.67476
  -4.18661   -4.18598   -2.61134   -2.61088    0.11428    0.11472    1.47358    1.47381
   1.63237    1.63283    4.06006    4.06031    4.83279    4.83297    5.63618    5.63619
   6.78043    6.78072    6.99405    6.99408    8.71451    8.71460    8.94386    8.94408
   9.15239    9.15251    9.70188    9.70199   11.47055   11.47080   12.50574   12.50604
  13.40120   13.40127   13.81657   13.81671   14.09169   14.09181   14.46412   14.46423
  14.96771   14.96785   15.25028   15.25058
 kpt#  69, nband= 60, wtk=  1.00000, kpt=  0.5000  0.0000  0.0000 (reduced coord)
 -26.41576  -26.41483  -26.40943  -26.40851  -26.35823  -26.35730  -26.35009  -26.34917
 -26.33344  -26.33252  -15.19733  -15.19673   -9.74759   -9.74723   -4.67276   -4.67254
  -4.15541   -4.15476   -2.62355   -2.62308    0.10297    0.10342    1.49948    1.49966
   1.59564    1.59616    4.05614    4.05639    4.83101    4.83118    5.63238    5.63240
   6.76998    6.77027    7.00680    7.00682    8.79266    8.79271    8.87227    8.87263
   9.14462    9.14475    9.67487    9.67500   11.54050   11.54075   12.43704   12.43735
  13.40046   13.40053   13.83615   13.83625   14.25202   14.25235   14.45468   14.45483
  15.02906   15.02918   15.14532   15.14569
 kpt#  70, nband= 60, wtk=  1.00000, kpt=  0.4750  0.0000  0.0000 (reduced coord)
 -26.41581  -26.41478  -26.40943  -26.40849  -26.35836  -26.35719  -26.35011  -26.34915
 -26.33348  -26.33248  -15.26895  -15.12580   -9.82871   -9.65525   -4.77292   -4.57659
  -4.21522   -4.09714   -2.74828   -2.50561    0.00190    0.21014    1.36014    1.53452
   1.64208    1.67096    3.91356    4.18498    4.73487    4.92772    5.54080    5.73909
   6.54530    6.93016    6.98067    7.10378    8.73194    8.73306    8.77800    9.01407
   9.01530    9.33473    9.64152    9.78678   11.38495   11.68113   12.18658   12.67406
  13.28130   13.48052   13.74904   13.92101   14.12609   14.25456   14.36748   14.47882
  14.90959   15.15086   15.18094   15.22175
 kpt#  71, nband= 60, wtk=  1.00000, kpt=  0.4500  0.0000  0.0000 (reduced coord)
 -26.41595  -26.41465  -26.40945  -26.40846  -26.35865  -26.35694  -26.35017  -26.34909
 -26.33359  -26.33236  -15.34090  -15.05593   -9.89870   -9.55278   -4.87494   -4.48850
  -4.27686   -4.04202   -2.87268   -2.40308   -0.08615    0.31579    1.22591    1.48733
   1.75902    1.78575    3.77102    4.26064    4.68949    4.98221    5.50142    5.82992
   6.34833    6.86962    7.07761    7.28508    8.59408    8.63786    8.69817    8.96362
   9.15442    9.54287    9.68327    9.96303   11.22204   11.80136   11.92922   12.88342
  13.13626   13.48363   13.69545   13.94452   13.95566   14.12344   14.29305   14.44821
  14.85479   15.11436   15.25913   15.44329
 kpt#  72, nband= 60, wtk=  1.00000, kpt=  0.4250  0.0000  0.0000 (reduced coord)
 -26.41613  -26.41449  -26.40947  -26.40841  -26.35900  -26.35667  -26.35025  -26.34901
 -26.33373  -26.33221  -15.41226  -14.98808   -9.95701   -9.44059   -4.97703   -4.41402
  -4.33932   -3.99032   -2.98802   -2.32413   -0.15259    0.41289    1.09995    1.45470
   1.85929    1.92837    3.63460    4.23637    4.74360    4.96270    5.54419    5.86016
   6.21690    6.84245    7.09179    7.48337    8.45987    8.52996    8.63256    8.96102
   9.28962    9.75024    9.77364   10.18472   11.06381   11.67128   11.89960   12.96687
  13.02816   13.40676   13.66251   13.74735   13.88909   13.96416   14.31372   14.42366
  14.79170   15.00908   15.30129   15.58704
 kpt#  73, nband= 60, wtk=  1.00000, kpt=  0.4000  0.0000  0.0000 (reduced coord)
 -26.41633  -26.41431  -26.40950  -26.40834  -26.35938  -26.35639  -26.35034  -26.34891
 -26.33388  -26.33204  -15.48243  -14.92287  -10.00338   -9.31931   -5.07806   -4.40191
  -4.36116   -3.94251   -3.08428   -2.27688   -0.18913    0.49171    0.98841    1.43681
   1.97088    2.06706    3.50801    4.14570    4.85903    4.88899    5.64714    5.80297
   6.17059    6.86826    7.05561    7.64008    8.32999    8.42115    8.60770    9.02150
   9.41304    9.88038    9.95396   10.42767   10.92983   11.42109   11.97897   12.77422
  13.02817   13.29830   13.55270   13.59803   13.76792   13.90647   14.39664   14.43503
  14.70101   14.88147   15.24720   15.59942
 kpt#  74, nband= 60, wtk=  1.00000, kpt=  0.3750  0.0000  0.0000 (reduced coord)
 -26.41654  -26.41413  -26.40953  -26.40826  -26.35977  -26.35613  -26.35044  -26.34881
 -26.33404  -26.33186  -15.55086  -14.86091  -10.03770   -9.18963   -5.17729   -4.46397
  -4.33959   -3.89899   -3.15042   -2.26741   -0.18952    0.53534    0.90513    1.43359
   2.09280    2.19773    3.39486    4.03417    4.79495    4.97801    5.72411    5.77238
   6.15455    6.95282    6.98423    7.74075    8.20488    8.31865    8.61519    9.15238
   9.51310    9.97568   10.15642   10.66344   10.85175   11.19186   12.04665   12.56689
  12.85589   13.17839   13.36909   13.50348   13.63632   13.99462   14.45817   14.49924
  14.60172   14.76167   15.12717   15.59208
 kpt#  75, nband= 60, wtk=  1.00000, kpt=  0.3500  0.0000  0.0000 (reduced coord)
 -26.41675  -26.41396  -26.40956  -26.40817  -26.36016  -26.35588  -26.35055  -26.34870
 -26.33420  -26.33168  -15.61703  -14.80272  -10.06003   -9.05228   -5.27422   -4.52485
  -4.35705   -3.86001   -3.17773   -2.29749   -0.15173    0.52175    0.86967    1.44471
   2.22397    2.31438    3.29988    3.91888    4.69789    5.06399    5.68197    5.89527
   6.14575    6.90118    7.08106    7.78911    8.08483    8.22886    8.64775    9.31135
   9.57028   10.05320   10.35870   10.86134   10.86430   11.00467   12.09157   12.38143
  12.59234   13.05271   13.20073   13.39967   13.50690   14.13561   14.43632   14.52945
  14.58506   14.68296   15.00687   15.55105
 kpt#  76, nband= 60, wtk=  1.00000, kpt=  0.3250  0.0000  0.0000 (reduced coord)
 -26.41695  -26.41379  -26.40959  -26.40807  -26.36055  -26.35566  -26.35065  -26.34859
 -26.33435  -26.33150  -15.68046  -14.74873  -10.07065   -8.90804   -5.36859   -4.58396
  -4.41422   -3.82568   -3.16484   -2.36401   -0.07867    0.45600    0.87524    1.46957
   2.36317    2.40833    3.22983    3.80603    4.60550    5.10155    5.68067    5.99580
   6.16828    6.83298    7.22966    7.80001    7.96998    8.16054    8.69221    9.42524
   9.55892   10.16253   10.55830   10.88660   10.97234   10.99565   11.99563   12.29585
  12.35563   12.92558   13.04981   13.29893   13.39362   14.19594   14.32553   14.52894
  14.57237   14.76324   14.92210   15.43481
 kpt#  77, nband= 60, wtk=  1.00000, kpt=  0.3000  0.0000  0.0000 (reduced coord)
 -26.41715  -26.41363  -26.40961  -26.40797  -26.36094  -26.35545  -26.35075  -26.34848
 -26.33449  -26.33132  -15.74074  -14.69928  -10.07008   -8.75776   -5.46029   -4.64074
  -4.50395   -3.79599   -3.11839   -2.46041    0.02330    0.36638    0.89282    1.50725
   2.46923    2.50906    3.19259    3.69840    4.52185    5.10772    5.68236    6.05474
   6.25208    6.80252    7.37317    7.79301    7.86042    8.12921    8.71862    9.46428
   9.47194   10.34830   10.74445   10.85344   11.06306   11.15026   11.78972   11.99015
  12.44591   12.80292   12.91766   13.20227   13.32780   14.14139   14.15441   14.44475
  14.74662   14.83663   14.84979   15.21756
 kpt#  78, nband= 60, wtk=  1.00000, kpt=  0.2750  0.0000  0.0000 (reduced coord)
 -26.41734  -26.41348  -26.40963  -26.40788  -26.36132  -26.35526  -26.35085  -26.34838
 -26.33463  -26.33115  -15.79748  -14.65459  -10.05910   -8.60239   -5.54939   -4.69471
  -4.61580   -3.77079   -3.04839   -2.57894    0.14657    0.27002    0.90568    1.55649
   2.49086    2.66014    3.19149    3.59745    4.44969    5.10762    5.66507    6.06488
   6.39699    6.81517    7.48207    7.75612    7.78705    8.15963    8.69205    9.29998
   9.51605   10.57522   10.87581   10.89209   11.10073   11.37281   11.58526   11.68615
  12.49941   12.69251   12.80543   13.10211   13.35204   13.98378   14.05511   14.36988
  14.70322   14.71036   14.95524   15.14643
 kpt#  79, nband= 60, wtk=  1.00000, kpt=  0.2500  0.0000  0.0000 (reduced coord)
 -26.41752  -26.41334  -26.40965  -26.40778  -26.36168  -26.35510  -26.35094  -26.34828
 -26.33476  -26.33099  -15.85033  -14.61475  -10.03879   -8.44296   -5.63613   -4.74540
  -4.74028   -3.74982   -2.96392   -2.71222    0.17379    0.28386    0.90854    1.61570
   2.47811    2.81469    3.21861    3.50401    4.39115    5.11313    5.63855    6.04025
   6.57860    6.85013    7.53907    7.65705    7.79774    8.26850    8.60620    9.09448
   9.60373   10.79354   10.88157   10.97388   11.12717   11.39027   11.46912   11.61816
  12.47386   12.60448   12.71450   12.98904   13.44834   13.86246   13.96645   14.27254
  14.43420   14.54417   15.13844   15.18347
 kpt#  80, nband= 60, wtk=  1.00000, kpt=  0.2250  0.0000  0.0000 (reduced coord)
 -26.41769  -26.41321  -26.40966  -26.40769  -26.36202  -26.35495  -26.35103  -26.34819
 -26.33488  -26.33084  -15.89899  -14.57974  -10.01054   -8.28067   -5.72085   -4.87011
  -4.79241   -3.73272   -2.87185   -2.85379    0.08065    0.42880    0.90103    1.68294
   2.44360    2.97071    3.25858    3.41856    4.34778    5.12410    5.61857    6.00159
   6.77141    6.87880    7.56318    7.56409    7.83284    8.44048    8.48998    8.87144
   9.73023   10.79612   10.97167   11.02188   11.07419   11.10712   11.54199   11.85415
  12.40556   12.54925   12.64663   12.87353   13.48496   13.81667   13.88259   14.03933
  14.35596   14.39455   15.10965   15.22797
 kpt#  81, nband= 60, wtk=  1.00000, kpt=  0.2000  0.0000  0.0000 (reduced coord)
 -26.41784  -26.41310  -26.40967  -26.40760  -26.36234  -26.35482  -26.35111  -26.34810
 -26.33498  -26.33070  -15.94320  -14.54945   -9.97603   -8.11691   -5.80404   -4.99983
  -4.83537   -3.71907   -2.99809   -2.77724   -0.00778    0.57583    0.88488    1.75588
   2.39901    3.12588    3.29803    3.34138    4.32033    5.13357    5.61824    5.96211
   6.88527    6.94746    7.47453    7.59895    7.88097    8.38534    8.64617    8.64798
   9.87622   10.65913   10.84062   10.87708   11.09088   11.17613   11.67157   12.03437
  12.33768   12.50579   12.60384   12.82866   13.31669   13.80593   13.82768   13.90064
  14.18138   14.42641   14.98967   15.22513
 kpt#  82, nband= 60, wtk=  1.00000, kpt=  0.1750  0.0000  0.0000 (reduced coord)
 -26.41798  -26.41300  -26.40968  -26.40752  -26.36263  -26.35471  -26.35118  -26.34803
 -26.33508  -26.33057  -15.98272  -14.52368   -9.93722   -7.95334   -5.88626   -5.12511
  -4.87398   -3.70843   -3.14013   -2.68395   -0.09034    0.72000    0.86270    1.83187
   2.35195    3.27267    3.27744    3.32945    4.30834    5.13397    5.64558    5.92629
   6.86977    7.07112    7.39129    7.68816    7.89935    8.34669    8.42862    8.87112
  10.02351   10.49123   10.59437   10.75570   11.14493   11.26834   11.75707   12.13682
  12.29739   12.42419   12.58767   12.93912   13.03604   13.73748   13.76486   13.83406
  14.14275   14.34172   14.99511   15.15353
 kpt#  83, nband= 60, wtk=  1.00000, kpt=  0.1500  0.0000  0.0000 (reduced coord)
 -26.41811  -26.41291  -26.40968  -26.40744  -26.36289  -26.35461  -26.35124  -26.34796
 -26.33516  -26.33046  -16.01736  -14.50216   -9.89633   -7.79201   -5.96801   -5.24231
  -4.90797   -3.70034   -3.27536   -2.59519   -0.16599    0.83728    0.85675    1.90791
   2.30679    3.21260    3.35047    3.42217    4.31007    5.12319    5.70007    5.89272
   6.84168    7.12600    7.31391    7.85031    7.85460    8.22589    8.40676    9.09534
  10.15253   10.31829   10.37185   10.66314   11.14927   11.34374   11.75361   12.16611
  12.26307   12.37007   12.59779   12.79556   13.13824   13.57664   13.67773   13.76322
  14.16365   14.25038   15.06767   15.08691
 kpt#  84, nband= 60, wtk=  1.00000, kpt=  0.1250  0.0000  0.0000 (reduced coord)
 -26.41821  -26.41284  -26.40969  -26.40738  -26.36312  -26.35454  -26.35129  -26.34790
 -26.33523  -26.33036  -16.04694  -14.48461   -9.85577   -7.63558   -6.04950   -5.34818
  -4.93711   -3.69435   -3.39942   -2.51378   -0.23358    0.81129    0.98172    1.98072
   2.26605    3.16133    3.36208    3.55630    4.32274    5.10481    5.77365    5.85728
   6.81228    7.13485    7.24327    7.77853    8.04364    8.06048    8.52813    9.30439
  10.16152   10.17645   10.23804   10.60435   11.14313   11.39958   11.65780   12.11796
  12.14941   12.40845   12.63050   12.68760   13.29190   13.42907   13.62694   13.66764
  14.02365   14.29986   15.01232   15.03311
 kpt#  85, nband= 60, wtk=  1.00000, kpt=  0.1000  0.0000  0.0000 (reduced coord)
 -26.41830  -26.41278  -26.40969  -26.40733  -26.36331  -26.35447  -26.35134  -26.34785
 -26.33529  -26.33028  -16.07133  -14.47075   -9.81801   -7.48766   -6.13017   -5.43972
  -4.96119   -3.69005   -3.50812   -2.44238   -0.29184    0.78702    1.09084    2.04686
   2.23123    3.11905    3.36682    3.67557    4.34294    5.08387    5.81668    5.85544
   6.79032    7.12353    7.18074    7.70374    7.88674    8.28676    8.67042    9.47319
  10.01139   10.04304   10.25686   10.59035   11.16904   11.43711   11.47652   11.99705
  12.05506   12.48944   12.63651   12.67822   13.11434   13.57674   13.58527   13.60650
  13.96739   14.21702   14.98652   15.07307
 kpt#  86, nband= 60, wtk=  1.00000, kpt=  0.0750  0.0000  0.0000 (reduced coord)
 -26.41837  -26.41273  -26.40969  -26.40728  -26.36346  -26.35442  -26.35137  -26.34782
 -26.33534  -26.33021  -16.09041  -14.46028   -9.78551   -7.35356   -6.20784   -5.51424
  -4.98009   -3.68710   -3.59756   -2.38352   -0.33935    0.76630    1.18032    2.10289
   2.20329    3.08594    3.36746    3.77532    4.36670    5.06436    5.77198    5.93453
   6.77936    7.10582    7.12830    7.64237    7.75950    8.50417    8.81168    9.56579
   9.87962    9.99566   10.21271   10.62614   11.23824   11.24463   11.46014   11.86900
  12.00973   12.54076   12.56597   12.73085   12.93653   13.53679   13.55279   13.71580
  13.97793   14.17555   14.94927   15.03558
 kpt#  87, nband= 60, wtk=  1.00000, kpt=  0.0500  0.0000  0.0000 (reduced coord)
 -26.41842  -26.41270  -26.40969  -26.40725  -26.36357  -26.35439  -26.35139  -26.34779
 -26.33537  -26.33017  -16.10410  -14.45299   -9.76046   -7.24142   -6.27722   -5.56936
  -4.99366   -3.68520   -3.66427   -2.33948   -0.37466    0.75055    1.24688    2.14562
   2.18286    3.06215    3.36633    3.85090    4.38937    5.04892    5.72945    6.00068
   6.77743    7.08829    7.08875    7.59797    7.66561    8.68783    8.93560    9.57750
   9.78361   10.03511   10.13838   10.66400   11.05389   11.32587   11.47299   11.75141
  11.99132   12.41629   12.55447   12.77782   12.88128   13.52956   13.53336   13.62300
  14.03136   14.33277   14.92205   15.01484
 kpt#  88, nband= 60, wtk=  1.00000, kpt=  0.0250  0.0000  0.0000 (reduced coord)
 -26.41845  -26.41268  -26.40969  -26.40723  -26.36364  -26.35437  -26.35141  -26.34777
 -26.33539  -26.33014  -16.11234  -14.44869   -9.74466   -7.16369   -6.32826   -5.60323
  -5.00184   -3.70549   -3.68415   -2.31219   -0.39648    0.74072    1.28793    2.17040
   2.17242    3.04782    3.36503    3.89819    4.40589    5.03910    5.69840    6.04484
   6.77949    7.06307    7.07662    7.57131    7.60802    8.81104    9.02406    9.56207
   9.72523   10.07216   10.13069   10.56823   11.04492   11.39679   11.47924   11.63451
  12.00003   12.31976   12.45474   12.81007   12.95765   13.47262   13.51561   13.53735
  14.09237   14.55824   14.90535   15.00228
 kpt#  89, nband= 60, wtk=  1.00000, kpt=  0.0000  0.0000  0.0000 (reduced coord)
 -26.41846  -26.41267  -26.40969  -26.40723  -26.36366  -26.35436  -26.35141  -26.34777
 -26.33540  -26.33013  -16.11509  -14.44727   -9.73925   -7.13524   -6.34763   -5.61466
  -5.00458   -3.71944   -3.68381   -2.30294   -0.40386    0.73738    1.30181    2.16622
   2.18155    3.04304    3.36450    3.91430    4.41198    5.03574    5.68696    6.06039
   6.78080    7.05444    7.07223    7.56243    7.58860    8.85412    9.05695    9.55477
   9.70563   10.04555   10.20875   10.46379   11.09171   11.42369   11.48107   11.57194
  12.01215   12.28503   12.40231   12.82154   13.01585   13.39318   13.51096   13.53904
  14.11928   14.69303   14.89971   14.99807
