#K-Path      Energy-Level
# NKPTS & NBANDS: 160  24
# Band-Index    1
   0.00000    -14.330737
   0.02195    -14.329476
   0.04391    -14.325694
   0.06586    -14.319397
   0.08782    -14.310593
   0.10977    -14.299293
   0.13173    -14.285513
   0.15368    -14.269268
   0.17564    -14.250580
   0.19759    -14.229477
   0.21954    -14.205987
   0.24150    -14.180142
   0.26345    -14.151982
   0.28541    -14.121549
   0.30736    -14.088886
   0.32932    -14.054049
   0.35127    -14.017093
   0.37323    -13.978084
   0.39518    -13.937088
   0.41713    -13.894186
   0.43909    -13.849460
   0.46104    -13.803002
   0.48300    -13.754909
   0.50495    -13.705295
   0.52691    -13.654275
   0.54886    -13.601982
   0.57082    -13.548554
   0.59277    -13.494146
   0.61472    -13.438919
   0.63668    -13.383055
   0.65863    -13.326748
   0.68059    -13.270202
   0.70254    -13.213640
   0.72450    -13.157296
   0.74645    -13.101424
   0.76840    -13.046285
   0.79036    -12.992158
   0.81231    -12.939327
   0.83427    -12.888089
   0.85622    -12.838771
   0.85622    -12.838771
   0.87424    -12.838514
   0.89226    -12.837744
   0.91027    -12.836467
   0.92829    -12.834688
   0.94631    -12.832418
   0.96433    -12.829667
   0.98234    -12.826452
   1.00036    -12.822791
   1.01838    -12.818705
   1.03639    -12.814216
   1.05441    -12.809348
   1.07243    -12.804132
   1.09045    -12.798596
   1.10846    -12.792773
   1.12648    -12.786698
   1.14450    -12.780407
   1.16252    -12.773938
   1.18053    -12.767331
   1.19855    -12.760627
   1.21657    -12.753869
   1.23458    -12.747102
   1.25260    -12.740364
   1.27062    -12.733708
   1.28864    -12.727174
   1.30665    -12.720807
   1.32467    -12.714653
   1.34269    -12.708751
   1.36071    -12.703148
   1.37872    -12.697879
   1.39674    -12.692985
   1.41476    -12.688502
   1.43277    -12.684462
   1.45079    -12.680897
   1.46881    -12.677833
   1.48683    -12.675295
   1.50484    -12.673299
   1.52286    -12.671862
   1.54088    -12.670995
   1.55889    -12.670706
   1.55889    -12.670706
   1.58085    -12.672257
   1.60280    -12.676890
   1.62476    -12.684546
   1.64671    -12.695130
   1.66867    -12.708508
   1.69062    -12.724519
   1.71258    -12.742981
   1.73453    -12.763680
   1.75648    -12.786397
   1.77844    -12.810893
   1.80039    -12.836924
   1.82235    -12.864249
   1.84430    -12.892623
   1.86626    -12.921805
   1.88821    -12.951564
   1.91017    -12.981674
   1.93212    -13.011922
   1.95407    -13.042103
   1.97603    -13.072024
   1.99798    -13.101504
   2.01994    -13.130377
   2.04189    -13.158486
   2.06385    -13.185686
   2.08580    -13.211841
   2.10776    -13.236835
   2.12971    -13.260550
   2.15166    -13.282886
   2.17362    -13.303755
   2.19557    -13.323069
   2.21753    -13.340757
   2.23948    -13.356752
   2.26144    -13.370997
   2.28339    -13.383442
   2.30535    -13.394042
   2.32730    -13.402764
   2.34925    -13.409576
   2.37121    -13.414457
   2.39316    -13.417393
   2.41512    -13.418372
   2.41512    -13.418372
   2.43313    -13.454908
   2.45115    -13.491572
   2.46917    -13.528245
   2.48719    -13.564842
   2.50520    -13.601279
   2.52322    -13.637475
   2.54124    -13.673352
   2.55926    -13.708834
   2.57727    -13.743848
   2.59529    -13.778325
   2.61331    -13.812197
   2.63132    -13.845398
   2.64934    -13.877870
   2.66736    -13.909554
   2.68538    -13.940395
   2.70339    -13.970341
   2.72141    -13.999342
   2.73943    -14.027354
   2.75744    -14.054332
   2.77546    -14.080234
   2.79348    -14.105025
   2.81150    -14.128667
   2.82951    -14.151125
   2.84753    -14.172369
   2.86555    -14.192371
   2.88357    -14.211105
   2.90158    -14.228545
   2.91960    -14.244670
   2.93762    -14.259459
   2.95563    -14.272893
   2.97365    -14.284957
   2.99167    -14.295635
   3.00969    -14.304915
   3.02770    -14.312786
   3.04572    -14.319240
   3.06374    -14.324266
   3.08176    -14.327859
   3.09977    -14.330017
   3.11779    -14.330737
 
 
# Band-Index    2
   3.11779    -12.675452
   3.09977    -12.675820
   3.08176    -12.676927
   3.06374    -12.678782
   3.04572    -12.681397
   3.02770    -12.684790
   3.00969    -12.688984
   2.99167    -12.694004
   2.97365    -12.699882
   2.95563    -12.706652
   2.93762    -12.714350
   2.91960    -12.723017
   2.90158    -12.732689
   2.88357    -12.743405
   2.86555    -12.755206
   2.84753    -12.768131
   2.82951    -12.782215
   2.81150    -12.797487
   2.79348    -12.813977
   2.77546    -12.831708
   2.75744    -12.850697
   2.73943    -12.870954
   2.72141    -12.892481
   2.70339    -12.915273
   2.68538    -12.939317
   2.66736    -12.964591
   2.64934    -12.991066
   2.63132    -13.018704
   2.61331    -13.047461
   2.59529    -13.077281
   2.57727    -13.108106
   2.55926    -13.139870
   2.54124    -13.172500
   2.52322    -13.205921
   2.50520    -13.240051
   2.48719    -13.274807
   2.46917    -13.310102
   2.45115    -13.345849
   2.43313    -13.381959
   2.41512    -13.418310
   2.41512    -13.418310
   2.39316    -13.417331
   2.37121    -13.414396
   2.34925    -13.409515
   2.32730    -13.402702
   2.30535    -13.393980
   2.28339    -13.383380
   2.26144    -13.370935
   2.23948    -13.356690
   2.21753    -13.340695
   2.19557    -13.323007
   2.17362    -13.303692
   2.15166    -13.282824
   2.12971    -13.260487
   2.10776    -13.236772
   2.08580    -13.211778
   2.06385    -13.185623
   2.04189    -13.158423
   2.01994    -13.130313
   1.99798    -13.101440
   1.97603    -13.071960
   1.95407    -13.042039
   1.93212    -13.011857
   1.91017    -12.981609
   1.88821    -12.951499
   1.86626    -12.921739
   1.84430    -12.892558
   1.82235    -12.864183
   1.80039    -12.836858
   1.77844    -12.810826
   1.75648    -12.786331
   1.73453    -12.763614
   1.71258    -12.742914
   1.69062    -12.724452
   1.66867    -12.708441
   1.64671    -12.695062
   1.62476    -12.684479
   1.60280    -12.676822
   1.58085    -12.672190
   1.55889    -12.670638
   1.55889    -12.670638
   1.54088    -12.670928
   1.52286    -12.671795
   1.50484    -12.673231
   1.48683    -12.675227
   1.46881    -12.677766
   1.45079    -12.680829
   1.43277    -12.684395
   1.41476    -12.688435
   1.39674    -12.692917
   1.37872    -12.697812
   1.36071    -12.703081
   1.34269    -12.708684
   1.32467    -12.714586
   1.30665    -12.720740
   1.28864    -12.727107
   1.27062    -12.733641
   1.25260    -12.740298
   1.23458    -12.747035
   1.21657    -12.753802
   1.19855    -12.760560
   1.18053    -12.767265
   1.16252    -12.773872
   1.14450    -12.780341
   1.12648    -12.786632
   1.10846    -12.792707
   1.09045    -12.798530
   1.07243    -12.804066
   1.05441    -12.809283
   1.03639    -12.814150
   1.01838    -12.818640
   1.00036    -12.822726
   0.98234    -12.826387
   0.96433    -12.829601
   0.94631    -12.832353
   0.92829    -12.834622
   0.91027    -12.836401
   0.89226    -12.837679
   0.87424    -12.838449
   0.85622    -12.838706
   0.85622    -12.838706
   0.83427    -12.791572
   0.81231    -12.746876
   0.79036    -12.704928
   0.76840    -12.665987
   0.74645    -12.630277
   0.72450    -12.597990
   0.70254    -12.569277
   0.68059    -12.544240
   0.65863    -12.522930
   0.63668    -12.505343
   0.61472    -12.491419
   0.59277    -12.481049
   0.57082    -12.474072
   0.54886    -12.470288
   0.52691    -12.469458
   0.50495    -12.471322
   0.48300    -12.475595
   0.46104    -12.481984
   0.43909    -12.490185
   0.41713    -12.499906
   0.39518    -12.510851
   0.37323    -12.522743
   0.35127    -12.535312
   0.32932    -12.548304
   0.30736    -12.561486
   0.28541    -12.574642
   0.26345    -12.587568
   0.24150    -12.600085
   0.21954    -12.612030
   0.19759    -12.623255
   0.17564    -12.633633
   0.15368    -12.643048
   0.13173    -12.651400
   0.10977    -12.658604
   0.08782    -12.664593
   0.06586    -12.669311
   0.04391    -12.672713
   0.02195    -12.674765
   0.00000    -12.675452
 
 
# Band-Index    3
   0.00000     -7.946757
   0.02195     -7.947828
   0.04391     -7.951044
   0.06586     -7.956413
   0.08782     -7.963945
   0.10977     -7.973656
   0.13173     -7.985554
   0.15368     -7.999641
   0.17564     -8.015913
   0.19759     -8.034342
   0.21954     -8.054889
   0.24150     -8.077478
   0.26345     -8.102001
   0.28541     -8.128311
   0.30736     -8.156219
   0.32932     -8.185489
   0.35127     -8.215836
   0.37323     -8.246919
   0.39518     -8.278356
   0.41713     -8.309714
   0.43909     -8.340522
   0.46104     -8.370271
   0.48300     -8.398426
   0.50495     -8.424448
   0.52691     -8.447778
   0.54886     -8.467873
   0.57082     -8.484201
   0.59277     -8.496269
   0.61472     -8.503620
   0.63668     -8.505851
   0.65863     -8.502620
   0.68059     -8.493651
   0.70254     -8.478739
   0.72450     -8.457749
   0.74645     -8.430615
   0.76840     -8.397344
   0.79036     -8.357992
   0.81231     -8.312684
   0.83427     -8.261576
   0.85622     -8.204888
   0.85622     -8.204888
   0.87424     -8.204529
   0.89226     -8.203450
   0.91027     -8.201661
   0.92829     -8.199170
   0.94631     -8.195997
   0.96433     -8.192156
   0.98234     -8.187677
   1.00036     -8.182586
   1.01838     -8.176918
   1.03639     -8.170707
   1.05441     -8.163995
   1.07243     -8.156826
   1.09045     -8.149249
   1.10846     -8.141315
   1.12648     -8.133078
   1.14450     -8.124597
   1.16252     -8.115928
   1.18053     -8.107133
   1.19855     -8.098272
   1.21657     -8.089409
   1.23458     -8.080606
   1.25260     -8.071920
   1.27062     -8.063417
   1.28864     -8.055155
   1.30665     -8.047185
   1.32467     -8.039561
   1.34269     -8.032329
   1.36071     -8.025534
   1.37872     -8.019216
   1.39674     -8.013410
   1.41476     -8.008146
   1.43277     -8.003450
   1.45079     -7.999339
   1.46881     -7.995835
   1.48683     -7.992954
   1.50484     -7.990703
   1.52286     -7.989090
   1.54088     -7.988120
   1.55889     -7.987796
   1.55889     -7.987796
   1.58085     -7.986310
   1.60280     -7.981901
   1.62476     -7.974719
   1.64671     -7.965000
   1.66867     -7.953072
   1.69062     -7.939335
   1.71258     -7.924253
   1.73453     -7.908331
   1.75648     -7.892107
   1.77844     -7.876115
   1.80039     -7.860874
   1.82235     -7.846867
   1.84430     -7.834508
   1.86626     -7.824133
   1.88821     -7.815991
   1.91017     -7.810228
   1.93212     -7.806898
   1.95407     -7.805962
   1.97603     -7.807303
   1.99798     -7.810741
   2.01994     -7.816049
   2.04189     -7.822965
   2.06385     -7.831211
   2.08580     -7.840499
   2.10776     -7.850546
   2.12971     -7.861075
   2.15166     -7.871829
   2.17362     -7.882569
   2.19557     -7.893074
   2.21753     -7.903146
   2.23948     -7.912610
   2.26144     -7.921310
   2.28339     -7.929112
   2.30535     -7.935900
   2.32730     -7.941581
   2.34925     -7.946077
   2.37121     -7.949328
   2.39316     -7.951296
   2.41512     -7.951955
   2.41512     -7.951955
   2.43313     -7.995110
   2.45115     -8.035366
   2.46917     -8.072641
   2.48719     -8.106884
   2.50520     -8.138046
   2.52322     -8.166090
   2.54124     -8.190989
   2.55926     -8.212722
   2.57727     -8.231282
   2.59529     -8.246673
   2.61331     -8.258916
   2.63132     -8.268041
   2.64934     -8.274099
   2.66736     -8.277158
   2.68538     -8.277300
   2.70339     -8.274631
   2.72141     -8.269274
   2.73943     -8.261372
   2.75744     -8.251087
   2.77546     -8.238609
   2.79348     -8.224142
   2.81150     -8.207914
   2.82951     -8.190171
   2.84753     -8.171178
   2.86555     -8.151223
   2.88357     -8.130608
   2.90158     -8.109646
   2.91960     -8.088664
   2.93762     -8.067994
   2.95563     -8.047976
   2.97365     -8.028944
   2.99167     -8.011226
   3.00969     -7.995135
   3.02770     -7.980962
   3.04572     -7.968975
   3.06374     -7.959399
   3.08176     -7.952422
   3.09977     -7.948179
   3.11779     -7.946757
 
 
# Band-Index    4
   3.11779     -5.334823
   3.09977     -5.342497
   3.08176     -5.364873
   3.06374     -5.400279
   3.04572     -5.446577
   3.02770     -5.501663
   3.00969     -5.563721
   2.99167     -5.631274
   2.97365     -5.703157
   2.95563     -5.778447
   2.93762     -5.856405
   2.91960     -5.936431
   2.90158     -6.018025
   2.88357     -6.100769
   2.86555     -6.184300
   2.84753     -6.268304
   2.82951     -6.352504
   2.81150     -6.436646
   2.79348     -6.520510
   2.77546     -6.603892
   2.75744     -6.686606
   2.73943     -6.768479
   2.72141     -6.849351
   2.70339     -6.929074
   2.68538     -7.007507
   2.66736     -7.084518
   2.64934     -7.159981
   2.63132     -7.233777
   2.61331     -7.305793
   2.59529     -7.375920
   2.57727     -7.444054
   2.55926     -7.510093
   2.54124     -7.573938
   2.52322     -7.635497
   2.50520     -7.694678
   2.48719     -7.751391
   2.46917     -7.805553
   2.45115     -7.857083
   2.43313     -7.905901
   2.41512     -7.951910
   2.41512     -7.951910
   2.39316     -7.951252
   2.37121     -7.949284
   2.34925     -7.946032
   2.32730     -7.941537
   2.30535     -7.935856
   2.28339     -7.929068
   2.26144     -7.921266
   2.23948     -7.912566
   2.21753     -7.903102
   2.19557     -7.893030
   2.17362     -7.882525
   2.15166     -7.871785
   2.12971     -7.861031
   2.10776     -7.850503
   2.08580     -7.840456
   2.06385     -7.831169
   2.04189     -7.822923
   2.01994     -7.816008
   1.99798     -7.810700
   1.97603     -7.807262
   1.95407     -7.805921
   1.93212     -7.806858
   1.91017     -7.810189
   1.88821     -7.815952
   1.86626     -7.824094
   1.84430     -7.834470
   1.82235     -7.846831
   1.80039     -7.860838
   1.77844     -7.876079
   1.75648     -7.892072
   1.73453     -7.908297
   1.71258     -7.924219
   1.69062     -7.939301
   1.66867     -7.953039
   1.64671     -7.964967
   1.62476     -7.974687
   1.60280     -7.981869
   1.58085     -7.986278
   1.55889     -7.987764
   1.55889     -7.987764
   1.54088     -7.988088
   1.52286     -7.989058
   1.50484     -7.990671
   1.48683     -7.992922
   1.46881     -7.995802
   1.45079     -7.999306
   1.43277     -8.003417
   1.41476     -8.008113
   1.39674     -8.013376
   1.37872     -8.019183
   1.36071     -8.025501
   1.34269     -8.032295
   1.32467     -8.039528
   1.30665     -8.047151
   1.28864     -8.055121
   1.27062     -8.063383
   1.25260     -8.071885
   1.23458     -8.080572
   1.21657     -8.089374
   1.19855     -8.098237
   1.18053     -8.107098
   1.16252     -8.115893
   1.14450     -8.124561
   1.12648     -8.133043
   1.10846     -8.141279
   1.09045     -8.149213
   1.07243     -8.156790
   1.05441     -8.163959
   1.03639     -8.170672
   1.01838     -8.176883
   1.00036     -8.182551
   0.98234     -8.187641
   0.96433     -8.192120
   0.94631     -8.195961
   0.92829     -8.199134
   0.91027     -8.201625
   0.89226     -8.203414
   0.87424     -8.204493
   0.85622     -8.204853
   0.85622     -8.204853
   0.83427     -8.142805
   0.81231     -8.075641
   0.79036     -8.003663
   0.76840     -7.927166
   0.74645     -7.846463
   0.72450     -7.761874
   0.70254     -7.673731
   0.68059     -7.582373
   0.65863     -7.488148
   0.63668     -7.391411
   0.61472     -7.292527
   0.59277     -7.191877
   0.57082     -7.089840
   0.54886     -6.986829
   0.52691     -6.883253
   0.50495     -6.779546
   0.48300     -6.676155
   0.46104     -6.573542
   0.43909     -6.472182
   0.41713     -6.372564
   0.39518     -6.275184
   0.37323     -6.180541
   0.35127     -6.089127
   0.32932     -6.001425
   0.30736     -5.917898
   0.28541     -5.838976
   0.26345     -5.765048
   0.24150     -5.696457
   0.21954     -5.633484
   0.19759     -5.576354
   0.17564     -5.525223
   0.15368     -5.480189
   0.13173     -5.441292
   0.10977     -5.408526
   0.08782     -5.381852
   0.06586     -5.361208
   0.04391     -5.346526
   0.02195     -5.337745
   0.00000     -5.334823
 
 
# Band-Index    5
   0.00000     -4.553211
   0.02195     -4.552154
   0.04391     -4.548975
   0.06586     -4.543658
   0.08782     -4.536178
   0.10977     -4.526508
   0.13173     -4.514623
   0.15368     -4.500501
   0.17564     -4.484133
   0.19759     -4.465524
   0.21954     -4.444691
   0.24150     -4.421665
   0.26345     -4.396491
   0.28541     -4.369231
   0.30736     -4.339956
   0.32932     -4.308757
   0.35127     -4.275732
   0.37323     -4.241002
   0.39518     -4.204695
   0.41713     -4.166964
   0.43909     -4.127976
   0.46104     -4.087930
   0.48300     -4.047036
   0.50495     -4.005549
   0.52691     -3.963748
   0.54886     -3.931196
   0.57082     -3.916514
   0.59277     -3.898533
   0.61472     -3.877599
   0.63668     -3.854122
   0.65863     -3.828565
   0.68059     -3.801449
   0.70254     -3.773356
   0.72450     -3.744935
   0.74645     -3.716892
   0.76840     -3.689994
   0.79036     -3.665050
   0.81231     -3.642906
   0.83427     -3.624388
   0.85622     -3.610299
   0.85622     -3.610299
   0.87424     -3.612867
   0.89226     -3.620545
   0.91027     -3.633237
   0.92829     -3.650783
   0.94631     -3.672963
   0.96433     -3.699480
   0.98234     -3.729987
   1.00036     -3.764076
   1.01838     -3.801292
   1.03639     -3.841145
   1.05441     -3.883128
   1.07243     -3.926725
   1.09045     -3.971427
   1.10846     -4.016739
   1.12648     -4.062191
   1.14450     -4.107341
   1.16252     -4.151783
   1.18053     -4.195140
   1.19855     -4.237072
   1.21657     -4.277281
   1.23458     -4.315506
   1.25260     -4.351509
   1.27062     -4.385106
   1.28864     -4.416141
   1.30665     -4.444494
   1.32467     -4.470087
   1.34269     -4.492880
   1.36071     -4.512877
   1.37872     -4.530118
   1.39674     -4.544697
   1.41476     -4.556748
   1.43277     -4.566450
   1.45079     -4.574023
   1.46881     -4.579727
   1.48683     -4.583846
   1.50484     -4.586662
   1.52286     -4.588446
   1.54088     -4.589418
   1.55889     -4.589725
   1.55889     -4.589725
   1.58085     -4.595864
   1.60280     -4.612876
   1.62476     -4.637413
   1.64671     -4.665712
   1.66867     -4.694542
   1.69062     -4.721400
   1.71258     -4.744411
   1.73453     -4.762139
   1.75648     -4.773469
   1.77844     -4.777517
   1.80039     -4.773578
   1.82235     -4.761109
   1.84430     -4.739712
   1.86626     -4.709130
   1.88821     -4.669252
   1.91017     -4.620099
   1.93212     -4.561823
   1.95407     -4.494701
   1.97603     -4.419113
   1.99798     -4.335538
   2.01994     -4.244539
   2.04189     -4.146757
   2.06385     -4.042903
   2.08580     -3.933765
   2.10776     -3.820231
   2.12971     -3.703295
   2.15166     -3.584147
   2.17362     -3.464260
   2.19557     -3.345595
   2.21753     -3.230989
   2.23948     -3.124897
   2.26144     -3.034240
   2.28339     -2.967014
   2.30535     -2.925377
   2.32730     -2.902643
   2.34925     -2.890714
   2.37121     -2.884542
   2.39316     -2.881591
   2.41512     -2.880717
   2.41512     -2.880717
   2.43313     -2.931435
   2.45115     -2.982937
   2.46917     -3.034905
   2.48719     -3.087095
   2.50520     -3.139306
   2.52322     -3.191370
   2.54124     -3.243154
   2.55926     -3.294546
   2.57727     -3.345456
   2.59529     -3.395818
   2.61331     -3.445568
   2.63132     -3.494669
   2.64934     -3.543092
   2.66736     -3.590824
   2.68538     -3.637857
   2.70339     -3.684201
   2.72141     -3.729873
   2.73943     -3.774904
   2.75744     -3.819329
   2.77546     -3.863201
   2.79348     -3.906576
   2.81150     -3.949521
   2.82951     -3.992104
   2.84753     -4.034404
   2.86555     -4.076498
   2.88357     -4.118458
   2.90158     -4.160337
   2.91960     -4.202167
   2.93762     -4.243933
   2.95563     -4.285559
   2.97365     -4.326869
   2.99167     -4.367543
   3.00969     -4.407069
   3.02770     -4.444663
   3.04572     -4.479208
   3.06374     -4.509186
   3.08176     -4.532749
   3.09977     -4.547943
   3.11779     -4.553211
 
 
# Band-Index    6
   3.11779     -3.826839
   3.09977     -3.823827
   3.08176     -3.814826
   3.06374     -3.799923
   3.04572     -3.779255
   3.02770     -3.753014
   3.00969     -3.721439
   2.99167     -3.684807
   2.97365     -3.643427
   2.95563     -3.597642
   2.93762     -3.547812
   2.91960     -3.494320
   2.90158     -3.437567
   2.88357     -3.377971
   2.86555     -3.315965
   2.84753     -3.252012
   2.82951     -3.186594
   2.81150     -3.120230
   2.79348     -3.053499
   2.77546     -2.987036
   2.75744     -2.954325
   2.73943     -2.928287
   2.72141     -2.901365
   2.70339     -2.873608
   2.68538     -2.845079
   2.66736     -2.815844
   2.64934     -2.785969
   2.63132     -2.755527
   2.61331     -2.724593
   2.59529     -2.693238
   2.57727     -2.661553
   2.55926     -2.629616
   2.54124     -2.597516
   2.52322     -2.620424
   2.50520     -2.655004
   2.48719     -2.694293
   2.46917     -2.737278
   2.45115     -2.783116
   2.43313     -2.831113
   2.41512     -2.880691
   2.41512     -2.880691
   2.39316     -2.881566
   2.37121     -2.884516
   2.34925     -2.890688
   2.32730     -2.902615
   2.30535     -2.925346
   2.28339     -2.966979
   2.26144     -3.034199
   2.23948     -3.124852
   2.21753     -3.230942
   2.19557     -3.345548
   2.17362     -3.464213
   2.15166     -3.584100
   2.12971     -3.703249
   2.10776     -3.820185
   2.08580     -3.933720
   2.06385     -4.042858
   2.04189     -4.146713
   2.01994     -4.244496
   1.99798     -4.335495
   1.97603     -4.419071
   1.95407     -4.494659
   1.93212     -4.561782
   1.91017     -4.620059
   1.88821     -4.669212
   1.86626     -4.709091
   1.84430     -4.739675
   1.82235     -4.761072
   1.80039     -4.773542
   1.77844     -4.777482
   1.75648     -4.773435
   1.73453     -4.762106
   1.71258     -4.744380
   1.69062     -4.721371
   1.66867     -4.694515
   1.64671     -4.665688
   1.62476     -4.637394
   1.60280     -4.612862
   1.58085     -4.595856
   1.55889     -4.589725
   1.55889     -4.589725
   1.54088     -4.589418
   1.52286     -4.588446
   1.50484     -4.586661
   1.48683     -4.583844
   1.46881     -4.579724
   1.45079     -4.574018
   1.43277     -4.566444
   1.41476     -4.556741
   1.39674     -4.544688
   1.37872     -4.530108
   1.36071     -4.512866
   1.34269     -4.492867
   1.32467     -4.470073
   1.30665     -4.444478
   1.28864     -4.416124
   1.27062     -4.385087
   1.25260     -4.351489
   1.23458     -4.315484
   1.21657     -4.277258
   1.19855     -4.237047
   1.18053     -4.195114
   1.16252     -4.151756
   1.14450     -4.107313
   1.12648     -4.062162
   1.10846     -4.016709
   1.09045     -3.971395
   1.07243     -3.926692
   1.05441     -3.883094
   1.03639     -3.841109
   1.01838     -3.801255
   1.00036     -3.764038
   0.98234     -3.729948
   0.96433     -3.699440
   0.94631     -3.672923
   0.92829     -3.650743
   0.91027     -3.633196
   0.89226     -3.620504
   0.87424     -3.612826
   0.85622     -3.610257
   0.85622     -3.610257
   0.83427     -3.601243
   0.81231     -3.597794
   0.79036     -3.600226
   0.76840     -3.608597
   0.74645     -3.622737
   0.72450     -3.642273
   0.70254     -3.666683
   0.68059     -3.695360
   0.65863     -3.727653
   0.63668     -3.762912
   0.61472     -3.800520
   0.59277     -3.839901
   0.57082     -3.880536
   0.54886     -3.921957
   0.52691     -3.942285
   0.50495     -3.949563
   0.48300     -3.952871
   0.46104     -3.952138
   0.43909     -3.947381
   0.41713     -3.938737
   0.39518     -3.926476
   0.37323     -3.911044
   0.35127     -3.893094
   0.32932     -3.873532
   0.30736     -3.853562
   0.28541     -3.834653
   0.26345     -3.818391
   0.24150     -3.806161
   0.21954     -3.798706
   0.19759     -3.795883
   0.17564     -3.796827
   0.15368     -3.800353
   0.13173     -3.805315
   0.10977     -3.810768
   0.08782     -3.816005
   0.06586     -3.820518
   0.04391     -3.823960
   0.02195     -3.826110
   0.00000     -3.826839
 
 
# Band-Index    7
   0.00000     -3.226166
   0.02195     -3.229358
   0.04391     -3.238763
   0.06586     -3.253894
   0.08782     -3.273958
   0.10977     -3.297863
   0.13173     -3.324220
   0.15368     -3.351344
   0.17564     -3.377295
   0.19759     -3.399928
   0.21954     -3.417107
   0.24150     -3.427071
   0.26345     -3.428862
   0.28541     -3.422512
   0.30736     -3.408794
   0.32932     -3.388809
   0.35127     -3.363650
   0.37323     -3.334250
   0.39518     -3.301372
   0.41713     -3.265631
   0.43909     -3.227537
   0.46104     -3.187530
   0.48300     -3.146008
   0.50495     -3.103359
   0.52691     -3.059958
   0.54886     -3.016190
   0.57082     -2.972454
   0.59277     -2.929176
   0.61472     -2.886793
   0.63668     -2.845764
   0.65863     -2.806562
   0.68059     -2.769644
   0.70254     -2.735442
   0.72450     -2.704323
   0.74645     -2.676540
   0.76840     -2.652196
   0.79036     -2.631218
   0.81231     -2.613328
   0.83427     -2.598063
   0.85622     -2.584858
   0.85622     -2.584858
   0.87424     -2.587802
   0.89226     -2.596504
   0.91027     -2.610607
   0.92829     -2.629582
   0.94631     -2.652823
   0.96433     -2.679702
   0.98234     -2.709664
   1.00036     -2.742238
   1.01838     -2.777063
   1.03639     -2.813880
   1.05441     -2.852519
   1.07243     -2.892869
   1.09045     -2.934861
   1.10846     -2.978442
   1.12648     -3.023558
   1.14450     -3.070139
   1.16252     -3.118080
   1.18053     -3.167250
   1.19855     -3.217476
   1.21657     -3.268558
   1.23458     -3.320260
   1.25260     -3.372311
   1.27062     -3.424428
   1.28864     -3.476302
   1.30665     -3.527601
   1.32467     -3.577990
   1.34269     -3.627108
   1.36071     -3.674590
   1.37872     -3.720053
   1.39674     -3.763104
   1.41476     -3.803335
   1.43277     -3.840321
   1.45079     -3.873628
   1.46881     -3.902821
   1.48683     -3.927461
   1.50484     -3.947136
   1.52286     -3.961486
   1.54088     -3.970220
   1.55889     -3.973154
   1.55889     -3.973154
   1.58085     -3.962927
   1.60280     -3.933641
   1.62476     -3.888658
   1.64671     -3.831756
   1.66867     -3.766213
   1.69062     -3.694595
   1.71258     -3.618916
   1.73453     -3.540787
   1.75648     -3.461596
   1.77844     -3.382599
   1.80039     -3.304993
   1.82235     -3.229940
   1.84430     -3.158563
   1.86626     -3.091919
   1.88821     -3.030956
   1.91017     -2.976424
   1.93212     -2.928825
   1.95407     -2.888359
   1.97603     -2.854912
   1.99798     -2.828088
   2.01994     -2.807274
   2.04189     -2.791710
   2.06385     -2.780565
   2.08580     -2.772980
   2.10776     -2.768114
   2.12971     -2.765108
   2.15166     -2.763089
   2.17362     -2.761060
   2.19557     -2.757731
   2.21753     -2.751162
   2.23948     -2.738076
   2.26144     -2.713066
   2.28339     -2.670061
   2.30535     -2.609309
   2.32730     -2.540465
   2.34925     -2.475121
   2.37121     -2.422159
   2.39316     -2.387783
   2.41512     -2.375874
   2.41512     -2.375874
   2.43313     -2.406536
   2.45115     -2.437708
   2.46917     -2.469271
   2.48719     -2.501125
   2.50520     -2.533179
   2.52322     -2.565340
   2.54124     -2.591729
   2.55926     -2.570212
   2.57727     -2.557180
   2.59529     -2.553777
   2.61331     -2.560778
   2.63132     -2.578398
   2.64934     -2.606236
   2.66736     -2.643361
   2.68538     -2.688487
   2.70339     -2.740201
   2.72141     -2.797110
   2.73943     -2.857943
   2.75744     -2.921573
   2.77546     -2.979412
   2.79348     -3.003504
   2.81150     -3.026555
   2.82951     -3.048514
   2.84753     -3.069341
   2.86555     -3.088998
   2.88357     -3.107451
   2.90158     -3.124663
   2.91960     -3.140606
   2.93762     -3.155250
   2.95563     -3.168576
   2.97365     -3.180557
   2.99167     -3.191181
   3.00969     -3.200418
   3.02770     -3.208259
   3.04572     -3.214691
   3.06374     -3.219705
   3.08176     -3.223293
   3.09977     -3.225448
   3.11779     -3.226166
 
 
# Band-Index    8
   3.11779     -1.917932
   3.09977     -1.914240
   3.08176     -1.903213
   3.06374     -1.901495
   3.04572     -1.902180
   3.02770     -1.903094
   3.00969     -1.904269
   2.99167     -1.905732
   2.97365     -1.907521
   2.95563     -1.909680
   2.93762     -1.912254
   2.91960     -1.915293
   2.90158     -1.918852
   2.88357     -1.922986
   2.86555     -1.927756
   2.84753     -1.933224
   2.82951     -1.939451
   2.81150     -1.946497
   2.79348     -1.954424
   2.77546     -1.963292
   2.75744     -1.973160
   2.73943     -1.984074
   2.72141     -1.996084
   2.70339     -2.009230
   2.68538     -2.023550
   2.66736     -2.039066
   2.64934     -2.055798
   2.63132     -2.073758
   2.61331     -2.092946
   2.59529     -2.113351
   2.57727     -2.134952
   2.55926     -2.157724
   2.54124     -2.181630
   2.52322     -2.206623
   2.50520     -2.232650
   2.48719     -2.259645
   2.46917     -2.287539
   2.45115     -2.316258
   2.43313     -2.345721
   2.41512     -2.375814
   2.41512     -2.375814
   2.39316     -2.387724
   2.37121     -2.422101
   2.34925     -2.475067
   2.32730     -2.540416
   2.30535     -2.609268
   2.28339     -2.670031
   2.26144     -2.713046
   2.23948     -2.738061
   2.21753     -2.751147
   2.19557     -2.757716
   2.17362     -2.761043
   2.15166     -2.763071
   2.12971     -2.765089
   2.10776     -2.768094
   2.08580     -2.772960
   2.06385     -2.780544
   2.04189     -2.791689
   2.01994     -2.807253
   1.99798     -2.828067
   1.97603     -2.854892
   1.95407     -2.888339
   1.93212     -2.928805
   1.91017     -2.976405
   1.88821     -3.030937
   1.86626     -3.091900
   1.84430     -3.158543
   1.82235     -3.229919
   1.80039     -3.304971
   1.77844     -3.382577
   1.75648     -3.461572
   1.73453     -3.540762
   1.71258     -3.618890
   1.69062     -3.694568
   1.66867     -3.766186
   1.64671     -3.831729
   1.62476     -3.888631
   1.60280     -3.933616
   1.58085     -3.962903
   1.55889     -3.973131
   1.55889     -3.973131
   1.54088     -3.970196
   1.52286     -3.961462
   1.50484     -3.947113
   1.48683     -3.927439
   1.46881     -3.902800
   1.45079     -3.873607
   1.43277     -3.840300
   1.41476     -3.803316
   1.39674     -3.763085
   1.37872     -3.720034
   1.36071     -3.674571
   1.34269     -3.627089
   1.32467     -3.577972
   1.30665     -3.527583
   1.28864     -3.476284
   1.27062     -3.424410
   1.25260     -3.372292
   1.23458     -3.320241
   1.21657     -3.268538
   1.19855     -3.217456
   1.18053     -3.167228
   1.16252     -3.118058
   1.14450     -3.070116
   1.12648     -3.023534
   1.10846     -2.978417
   1.09045     -2.934834
   1.07243     -2.892842
   1.05441     -2.852490
   1.03639     -2.813850
   1.01838     -2.777031
   1.00036     -2.742204
   0.98234     -2.709628
   0.96433     -2.679664
   0.94631     -2.652784
   0.92829     -2.629541
   0.91027     -2.610564
   0.89226     -2.596460
   0.87424     -2.587758
   0.85622     -2.584813
   0.85622     -2.584813
   0.83427     -2.573007
   0.81231     -2.561981
   0.79036     -2.551297
   0.76840     -2.540675
   0.74645     -2.530040
   0.72450     -2.519482
   0.70254     -2.509217
   0.68059     -2.499499
   0.65863     -2.490573
   0.63668     -2.482620
   0.61472     -2.475724
   0.59277     -2.469870
   0.57082     -2.464924
   0.54886     -2.460676
   0.52691     -2.456826
   0.50495     -2.453033
   0.48300     -2.448908
   0.46104     -2.444052
   0.43909     -2.438062
   0.41713     -2.430552
   0.39518     -2.421163
   0.37323     -2.409574
   0.35127     -2.395517
   0.32932     -2.378786
   0.30736     -2.359253
   0.28541     -2.336868
   0.26345     -2.311672
   0.24150     -2.283811
   0.21954     -2.253520
   0.19759     -2.221128
   0.17564     -2.187041
   0.15368     -2.151733
   0.13173     -2.115708
   0.10977     -2.079481
   0.08782     -2.043551
   0.06586     -2.008370
   0.04391     -1.974341
   0.02195     -1.941992
   0.00000     -1.917932
 
 
# Band-Index    9
   0.00000     -1.900649
   0.02195     -1.878036
   0.04391     -1.849930
   0.06586     -1.822663
   0.08782     -1.796328
   0.10977     -1.770765
   0.13173     -1.745774
   0.15368     -1.721162
   0.17564     -1.696764
   0.19759     -1.672456
   0.21954     -1.648156
   0.24150     -1.623835
   0.26345     -1.599507
   0.28541     -1.575239
   0.30736     -1.551137
   0.32932     -1.527362
   0.35127     -1.504110
   0.37323     -1.481615
   0.39518     -1.460147
   0.41713     -1.439996
   0.43909     -1.421462
   0.46104     -1.404852
   0.48300     -1.390449
   0.50495     -1.378507
   0.52691     -1.369219
   0.54886     -1.362703
   0.57082     -1.358986
   0.59277     -1.357997
   0.61472     -1.359559
   0.63668     -1.363412
   0.65863     -1.369204
   0.68059     -1.376528
   0.70254     -1.384931
   0.72450     -1.393922
   0.74645     -1.402978
   0.76840     -1.411546
   0.79036     -1.419039
   0.81231     -1.424831
   0.83427     -1.428282
   0.85622     -1.428798
   0.85622     -1.428798
   0.87424     -1.427547
   0.89226     -1.423966
   0.91027     -1.418547
   0.92829     -1.412019
   0.94631     -1.405236
   0.96433     -1.399055
   0.98234     -1.394254
   1.00036     -1.391434
   1.01838     -1.390991
   1.03639     -1.393092
   1.05441     -1.397708
   1.07243     -1.404634
   1.09045     -1.413540
   1.10846     -1.424016
   1.12648     -1.435619
   1.14450     -1.447908
   1.16252     -1.460476
   1.18053     -1.472965
   1.19855     -1.485080
   1.21657     -1.496590
   1.23458     -1.507326
   1.25260     -1.517171
   1.27062     -1.526068
   1.28864     -1.533993
   1.30665     -1.540954
   1.32467     -1.546993
   1.34269     -1.552161
   1.36071     -1.556530
   1.37872     -1.560172
   1.39674     -1.563169
   1.41476     -1.565600
   1.43277     -1.567541
   1.45079     -1.569065
   1.46881     -1.570240
   1.48683     -1.571119
   1.50484     -1.571750
   1.52286     -1.572174
   1.54088     -1.572416
   1.55889     -1.572495
   1.55889     -1.572495
   1.58085     -1.572890
   1.60280     -1.574033
   1.62476     -1.575813
   1.64671     -1.578041
   1.66867     -1.580445
   1.69062     -1.582679
   1.71258     -1.584319
   1.73453     -1.584852
   1.75648     -1.583692
   1.77844     -1.580164
   1.80039     -1.573535
   1.82235     -1.563023
   1.84430     -1.547836
   1.86626     -1.527221
   1.88821     -1.500553
   1.91017     -1.467396
   1.93212     -1.427609
   1.95407     -1.381379
   1.97603     -1.329262
   1.99798     -1.272150
   2.01994     -1.211225
   2.04189     -1.147878
   2.06385     -1.083649
   2.08580     -1.020157
   2.10776     -0.959076
   2.12971     -0.902066
   2.15166     -0.850757
   2.17362     -0.806683
   2.19557     -0.771208
   2.21753     -0.745411
   2.23948     -0.729949
   2.26144     -0.724895
   2.28339     -0.729566
   2.30535     -0.742380
   2.32730     -0.760818
   2.34925     -0.781477
   2.37121     -0.800413
   2.39316     -0.813749
   2.41512     -0.818559
   2.41512     -0.818559
   2.43313     -0.882130
   2.45115     -0.946514
   2.46917     -1.010614
   2.48719     -1.073334
   2.50520     -1.133471
   2.52322     -1.189736
   2.54124     -1.240722
   2.55926     -1.284936
   2.57727     -1.320912
   2.59529     -1.347378
   2.61331     -1.363454
   2.63132     -1.368819
   2.64934     -1.363801
   2.66736     -1.349262
   2.68538     -1.326419
   2.70339     -1.296636
   2.72141     -1.261245
   2.73943     -1.221475
   2.75744     -1.178384
   2.77546     -1.132897
   2.79348     -1.085794
   2.81150     -1.090187
   2.82951     -1.164526
   2.84753     -1.238515
   2.86555     -1.311521
   2.88357     -1.382933
   2.90158     -1.452151
   2.91960     -1.518593
   2.93762     -1.581679
   2.95563     -1.640849
   2.97365     -1.695556
   2.99167     -1.745277
   3.00969     -1.789514
   3.02770     -1.827808
   3.04572     -1.859749
   3.06374     -1.884979
   3.08176     -1.901019
   3.09977     -1.900741
   3.11779     -1.900649
 
 
# Band-Index   10
   3.11779     -0.496072
   3.09977     -0.498513
   3.08176     -0.505805
   3.06374     -0.517853
   3.04572     -0.534497
   3.02770     -0.555533
   3.00969     -0.580710
   2.99167     -0.609745
   2.97365     -0.642331
   2.95563     -0.678143
   2.93762     -0.716837
   2.91960     -0.758067
   2.90158     -0.801476
   2.88357     -0.846694
   2.86555     -0.893342
   2.84753     -0.941027
   2.82951     -0.989313
   2.81150     -1.037740
   2.79348     -1.016166
   2.77546     -0.943162
   2.75744     -0.871928
   2.73943     -0.803272
   2.72141     -0.738069
   2.70339     -0.677268
   2.68538     -0.621883
   2.66736     -0.572976
   2.64934     -0.531622
   2.63132     -0.498851
   2.61331     -0.475565
   2.59529     -0.462437
   2.57727     -0.459836
   2.55926     -0.467767
   2.54124     -0.485862
   2.52322     -0.513430
   2.50520     -0.549531
   2.48719     -0.593072
   2.46917     -0.642891
   2.45115     -0.697827
   2.43313     -0.756734
   2.41512     -0.818484
   2.41512     -0.818484
   2.39316     -0.813674
   2.37121     -0.800338
   2.34925     -0.781403
   2.32730     -0.760743
   2.30535     -0.742305
   2.28339     -0.729490
   2.26144     -0.724818
   2.23948     -0.729872
   2.21753     -0.745333
   2.19557     -0.771130
   2.17362     -0.806604
   2.15166     -0.850678
   2.12971     -0.901987
   2.10776     -0.958998
   2.08580     -1.020078
   2.06385     -1.083571
   2.04189     -1.147802
   2.01994     -1.211150
   1.99798     -1.272077
   1.97603     -1.329190
   1.95407     -1.381311
   1.93212     -1.427544
   1.91017     -1.467334
   1.88821     -1.500494
   1.86626     -1.527166
   1.84430     -1.547784
   1.82235     -1.562976
   1.80039     -1.573491
   1.77844     -1.580123
   1.75648     -1.583654
   1.73453     -1.584817
   1.71258     -1.584286
   1.69062     -1.582648
   1.66867     -1.580417
   1.64671     -1.578014
   1.62476     -1.575787
   1.60280     -1.574008
   1.58085     -1.572865
   1.55889     -1.572471
   1.55889     -1.572471
   1.54088     -1.572392
   1.52286     -1.572149
   1.50484     -1.571725
   1.48683     -1.571094
   1.46881     -1.570214
   1.45079     -1.569039
   1.43277     -1.567514
   1.41476     -1.565573
   1.39674     -1.563141
   1.37872     -1.560143
   1.36071     -1.556500
   1.34269     -1.552129
   1.32467     -1.546960
   1.30665     -1.540920
   1.28864     -1.533957
   1.27062     -1.526031
   1.25260     -1.517132
   1.23458     -1.507285
   1.21657     -1.496547
   1.19855     -1.485034
   1.18053     -1.472917
   1.16252     -1.460426
   1.14450     -1.447856
   1.12648     -1.435564
   1.10846     -1.423959
   1.09045     -1.413479
   1.07243     -1.404571
   1.05441     -1.397641
   1.03639     -1.393023
   1.01838     -1.390919
   1.00036     -1.391360
   0.98234     -1.394177
   0.96433     -1.398975
   0.94631     -1.405154
   0.92829     -1.411935
   0.91027     -1.418461
   0.89226     -1.423878
   0.87424     -1.427459
   0.85622     -1.428710
   0.85622     -1.428710
   0.83427     -1.425650
   0.81231     -1.418484
   0.79036     -1.406893
   0.76840     -1.390703
   0.74645     -1.369928
   0.72450     -1.344770
   0.70254     -1.315584
   0.68059     -1.282851
   0.65863     -1.247116
   0.63668     -1.208962
   0.61472     -1.168975
   0.59277     -1.127721
   0.57082     -1.085718
   0.54886     -1.043476
   0.52691     -1.001417
   0.50495     -0.959942
   0.48300     -0.919387
   0.46104     -0.880048
   0.43909     -0.842168
   0.41713     -0.805965
   0.39518     -0.771602
   0.37323     -0.739208
   0.35127     -0.708876
   0.32932     -0.680674
   0.30736     -0.654640
   0.28541     -0.630783
   0.26345     -0.609091
   0.24150     -0.589537
   0.21954     -0.572074
   0.19759     -0.556641
   0.17564     -0.543168
   0.15368     -0.531578
   0.13173     -0.521780
   0.10977     -0.513688
   0.08782     -0.507215
   0.06586     -0.502280
   0.04391     -0.498811
   0.02195     -0.496754
   0.00000     -0.496072
 
 
# Band-Index   11
   0.00000      1.402088
   0.02195      1.403438
   0.04391      1.407500
   0.06586      1.414249
   0.08782      1.423701
   0.10977      1.435859
   0.13173      1.450727
   0.15368      1.468314
   0.17564      1.488615
   0.19759      1.511645
   0.21954      1.537392
   0.24150      1.565854
   0.26345      1.597018
   0.28541      1.630868
   0.30736      1.667375
   0.32932      1.706484
   0.35127      1.748125
   0.37323      1.792215
   0.39518      1.838610
   0.41713      1.845206
   0.43909      1.752943
   0.46104      1.667323
   0.48300      1.589113
   0.50495      1.518918
   0.52691      1.457269
   0.54886      1.404523
   0.57082      1.360922
   0.59277      1.326459
   0.61472      1.301040
   0.63668      1.284308
   0.65863      1.275815
   0.68059      1.275003
   0.70254      1.281231
   0.72450      1.293885
   0.74645      1.312379
   0.76840      1.336273
   0.79036      1.365238
   0.81231      1.399093
   0.83427      1.437771
   0.85622      1.481250
   0.85622      1.481250
   0.87424      1.479152
   0.89226      1.473568
   0.91027      1.466336
   0.92829      1.459896
   0.94631      1.456663
   0.96433      1.458795
   0.98234      1.467903
   1.00036      1.485153
   1.01838      1.511248
   1.03639      1.546476
   1.05441      1.590773
   1.07243      1.643804
   1.09045      1.705006
   1.10846      1.773656
   1.12648      1.848897
   1.14450      1.929784
   1.16252      2.015323
   1.18053      2.104457
   1.19855      2.196090
   1.21657      2.289048
   1.23458      2.382082
   1.25260      2.473915
   1.27062      2.563081
   1.28864      2.648131
   1.30665      2.727589
   1.32467      2.800058
   1.34269      2.864442
   1.36071      2.920030
   1.37872      2.966714
   1.39674      3.004889
   1.41476      3.035392
   1.43277      3.059290
   1.45079      3.077677
   1.46881      3.091551
   1.48683      3.101778
   1.50484      3.109086
   1.52286      3.113933
   1.54088      3.116707
   1.55889      3.117606
   1.55889      3.117606
   1.58085      3.118189
   1.60280      3.119872
   1.62476      3.122420
   1.64671      3.125503
   1.66867      3.128632
   1.69062      3.131213
   1.71258      3.132523
   1.73453      3.131845
   1.75648      3.128416
   1.77844      3.121580
   1.80039      3.110772
   1.82235      3.095626
   1.84430      3.076009
   1.86626      3.051992
   1.88821      3.023815
   1.91017      2.991843
   1.93212      2.956475
   1.95407      2.918054
   1.97603      2.876872
   1.99798      2.833067
   2.01994      2.786622
   2.04189      2.737384
   2.06385      2.685047
   2.08580      2.629266
   2.10776      2.569729
   2.12971      2.506413
   2.15166      2.439651
   2.17362      2.370337
   2.19557      2.299947
   2.21753      2.230360
   2.23948      2.163633
   2.26144      2.101738
   2.28339      2.046332
   2.30535      1.998665
   2.32730      1.959449
   2.34925      1.929041
   2.37121      1.907463
   2.39316      1.894599
   2.41512      1.890334
   2.41512      1.890334
   2.43313      1.837191
   2.45115      1.786432
   2.46917      1.739144
   2.48719      1.696433
   2.50520      1.659483
   2.52322      1.629464
   2.54124      1.607482
   2.55926      1.594507
   2.57727      1.591267
   2.59529      1.598152
   2.61331      1.615185
   2.63132      1.642035
   2.64934      1.678045
   2.66736      1.722350
   2.68538      1.773944
   2.70339      1.831760
   2.72141      1.894750
   2.73943      1.961926
   2.75744      2.002189
   2.77546      1.953835
   2.79348      1.906368
   2.81150      1.859994
   2.82951      1.814939
   2.84753      1.771345
   2.86555      1.729351
   2.88357      1.689094
   2.90158      1.650732
   2.91960      1.614421
   2.93762      1.580326
   2.95563      1.548623
   2.97365      1.519497
   2.99167      1.493153
   3.00969      1.469780
   3.02770      1.449596
   3.04572      1.432759
   3.06374      1.419464
   3.08176      1.409855
   3.09977      1.404039
   3.11779      1.402088
 
 
# Band-Index   12
   3.11779      2.511408
   3.09977      2.512301
   3.08176      2.514972
   3.06374      2.519376
   3.04572      2.525436
   3.02770      2.533061
   3.00969      2.542162
   2.99167      2.552592
   2.97365      2.564188
   2.95563      2.576682
   2.93762      2.589876
   2.91960      2.603491
   2.90158      2.617234
   2.88357      2.550337
   2.86555      2.478470
   2.84753      2.404827
   2.82951      2.330012
   2.81150      2.254683
   2.79348      2.179496
   2.77546      2.105135
   2.75744      2.032339
   2.73943      2.051127
   2.72141      2.100249
   2.70339      2.148928
   2.68538      2.196197
   2.66736      2.240495
   2.64934      2.279337
   2.63132      2.309071
   2.61331      2.325538
   2.59529      2.326171
   2.57727      2.311589
   2.55926      2.284716
   2.54124      2.248717
   2.52322      2.206095
   2.50520      2.158643
   2.48719      2.107752
   2.46917      2.054527
   2.45115      1.999937
   2.43313      1.944908
   2.41512      1.890363
   2.41512      1.890363
   2.39316      1.894628
   2.37121      1.907493
   2.34925      1.929071
   2.32730      1.959480
   2.30535      1.998697
   2.28339      2.046364
   2.26144      2.101770
   2.23948      2.163664
   2.21753      2.230390
   2.19557      2.299974
   2.17362      2.370362
   2.15166      2.439672
   2.12971      2.506431
   2.10776      2.569746
   2.08580      2.629284
   2.06385      2.685068
   2.04189      2.737408
   2.01994      2.786649
   1.99798      2.833097
   1.97603      2.876904
   1.95407      2.918088
   1.93212      2.956510
   1.91017      2.991878
   1.88821      3.023850
   1.86626      3.052027
   1.84430      3.076043
   1.82235      3.095658
   1.80039      3.110802
   1.77844      3.121607
   1.75648      3.128441
   1.73453      3.131867
   1.71258      3.132544
   1.69062      3.131231
   1.66867      3.128648
   1.64671      3.125518
   1.62476      3.122433
   1.60280      3.119884
   1.58085      3.118201
   1.55889      3.117618
   1.55889      3.117618
   1.54088      3.116718
   1.52286      3.113944
   1.50484      3.109097
   1.48683      3.101789
   1.46881      3.091560
   1.45079      3.077685
   1.43277      3.059297
   1.41476      3.035397
   1.39674      3.004892
   1.37872      2.966715
   1.36071      2.920033
   1.34269      2.864449
   1.32467      2.800068
   1.30665      2.727603
   1.28864      2.648148
   1.27062      2.563101
   1.25260      2.473938
   1.23458      2.382107
   1.21657      2.289075
   1.19855      2.196119
   1.18053      2.104487
   1.16252      2.015355
   1.14450      1.929818
   1.12648      1.848932
   1.10846      1.773692
   1.09045      1.705043
   1.07243      1.643842
   1.05441      1.590812
   1.03639      1.546517
   1.01838      1.511290
   1.00036      1.485196
   0.98234      1.467948
   0.96433      1.458842
   0.94631      1.456712
   0.92829      1.459947
   0.91027      1.466389
   0.89226      1.473622
   0.87424      1.479208
   0.85622      1.481306
   0.85622      1.481306
   0.83427      1.529663
   0.81231      1.582922
   0.79036      1.640989
   0.76840      1.703667
   0.74645      1.770612
   0.72450      1.841256
   0.70254      1.914717
   0.68059      1.989496
   0.65863      2.063079
   0.63668      2.130922
   0.61472      2.184958
   0.59277      2.214024
   0.57082      2.211843
   0.54886      2.184362
   0.52691      2.142338
   0.50495      2.093332
   0.48300      2.041539
   0.46104      1.989156
   0.43909      1.937450
   0.41713      1.887119
   0.39518      1.943265
   0.37323      2.046195
   0.35127      2.152959
   0.32932      2.262416
   0.30736      2.373234
   0.28541      2.483874
   0.26345      2.592534
   0.24150      2.696926
   0.21954      2.794320
   0.19759      2.881438
   0.17564      2.952792
   0.15368      2.861110
   0.13173      2.775754
   0.10977      2.699349
   0.08782      2.634006
   0.06586      2.581361
   0.04391      2.542798
   0.02195      2.519312
   0.00000      2.511408
 
 
# Band-Index   13
   0.00000      3.082857
   0.02195      3.083671
   0.04391      3.085541
   0.06586      3.086643
   0.08782      3.083967
   0.10977      3.073438
   0.13173      3.050541
   0.15368      3.011528
   0.17564      2.954811
   0.19759      3.047661
   0.21954      3.141790
   0.24150      3.230637
   0.26345      3.308899
   0.28541      3.370939
   0.30736      3.411639
   0.32932      3.427460
   0.35127      3.417589
   0.37323      3.358663
   0.39518      3.280267
   0.41713      3.196606
   0.43909      3.109400
   0.46104      3.020305
   0.48300      2.930875
   0.50495      2.842506
   0.52691      2.756535
   0.54886      2.674213
   0.57082      2.596779
   0.59277      2.525298
   0.61472      2.460873
   0.63668      2.404461
   0.65863      2.357072
   0.68059      2.319585
   0.70254      2.292761
   0.72450      2.277166
   0.74645      2.273257
   0.76840      2.281265
   0.79036      2.301100
   0.81231      2.332494
   0.83427      2.374923
   0.85622      2.427708
   0.85622      2.427708
   0.87424      2.438153
   0.89226      2.468838
   0.91027      2.517884
   0.92829      2.582890
   0.94631      2.661289
   0.96433      2.750890
   0.98234      2.849689
   1.00036      2.956124
   1.01838      3.068802
   1.03639      3.186570
   1.05441      3.308203
   1.07243      3.430982
   1.09045      3.514339
   1.10846      3.526802
   1.12648      3.534098
   1.14450      3.541136
   1.16252      3.548540
   1.18053      3.556634
   1.19855      3.565720
   1.21657      3.576143
   1.23458      3.588330
   1.25260      3.602869
   1.27062      3.620378
   1.28864      3.641594
   1.30665      3.667288
   1.32467      3.698084
   1.34269      3.734407
   1.36071      3.776167
   1.37872      3.822744
   1.39674      3.872900
   1.41476      3.924952
   1.43277      3.976994
   1.45079      4.027025
   1.46881      4.073108
   1.48683      4.113476
   1.50484      4.146607
   1.52286      4.171226
   1.54088      4.186395
   1.55889      4.191514
   1.55889      4.191514
   1.58085      4.188290
   1.60280      4.178810
   1.62476      4.163575
   1.64671      4.143376
   1.66867      4.119188
   1.69062      4.092134
   1.71258      4.063234
   1.73453      4.033585
   1.75648      4.004052
   1.77844      3.975355
   1.80039      3.947920
   1.82235      3.921859
   1.84430      3.896973
   1.86626      3.872812
   1.88821      3.848620
   1.91017      3.823546
   1.93212      3.796638
   1.95407      3.766997
   1.97603      3.733809
   1.99798      3.696419
   2.01994      3.654439
   2.04189      3.607877
   2.06385      3.557286
   2.08580      3.503888
   2.10776      3.449526
   2.12971      3.396587
   2.15166      3.347428
   2.17362      3.304210
   2.19557      3.268492
   2.21753      3.241178
   2.23948      3.222606
   2.26144      3.212672
   2.28339      3.210971
   2.30535      3.216967
   2.32730      3.229843
   2.34925      3.248570
   2.37121      3.271416
   2.39316      3.294368
   2.41512      3.306017
   2.41512      3.306017
   2.43313      3.234013
   2.45115      3.163070
   2.46917      3.093492
   2.48719      3.025616
   2.50520      2.959878
   2.52322      2.896904
   2.54124      2.837587
   2.55926      2.783346
   2.57727      2.736277
   2.59529      2.699195
   2.61331      2.674718
   2.63132      2.663271
   2.64934      2.662068
   2.66736      2.666829
   2.68538      2.673915
   2.70339      2.680879
   2.72141      2.686294
   2.73943      2.689413
   2.75744      2.689879
   2.77546      2.687691
   2.79348      2.682909
   2.81150      2.675787
   2.82951      2.666651
   2.84753      2.655866
   2.86555      2.643797
   2.88357      2.630789
   2.90158      2.619841
   2.91960      2.686401
   2.93762      2.749463
   2.95563      2.808473
   2.97365      2.862916
   2.99167      2.912273
   3.00969      2.956108
   3.02770      2.993982
   3.04572      3.025519
   3.06374      3.050404
   3.08176      3.068379
   3.09977      3.079231
   3.11779      3.082857
 
 
# Band-Index   14
   3.11779      3.975411
   3.09977      3.976510
   3.08176      3.975405
   3.06374      3.963570
   3.04572      3.947302
   3.02770      3.926893
   3.00969      3.902637
   2.99167      3.874937
   2.97365      3.844236
   2.95563      3.810958
   2.93762      3.775578
   2.91960      3.738556
   2.90158      3.700382
   2.88357      3.661508
   2.86555      3.622385
   2.84753      3.583423
   2.82951      3.545034
   2.81150      3.507638
   2.79348      3.471554
   2.77546      3.437127
   2.75744      3.404665
   2.73943      3.374460
   2.72141      3.346757
   2.70339      3.321838
   2.68538      3.299871
   2.66736      3.281087
   2.64934      3.265634
   2.63132      3.253651
   2.61331      3.245248
   2.59529      3.240540
   2.57727      3.239609
   2.55926      3.242504
   2.54124      3.249246
   2.52322      3.259875
   2.50520      3.274364
   2.48719      3.292720
   2.46917      3.314933
   2.45115      3.340959
   2.43313      3.370715
   2.41512      3.306041
   2.41512      3.306041
   2.39316      3.294395
   2.37121      3.271447
   2.34925      3.248604
   2.32730      3.229879
   2.30535      3.217005
   2.28339      3.211009
   2.26144      3.212710
   2.23948      3.222643
   2.21753      3.241214
   2.19557      3.268527
   2.17362      3.304243
   2.15166      3.347460
   2.12971      3.396618
   2.10776      3.449558
   2.08580      3.503921
   2.06385      3.557320
   2.04189      3.607912
   2.01994      3.654475
   1.99798      3.696456
   1.97603      3.733847
   1.95407      3.767036
   1.93212      3.796678
   1.91017      3.823587
   1.88821      3.848662
   1.86626      3.872855
   1.84430      3.897017
   1.82235      3.921903
   1.80039      3.947964
   1.77844      3.975399
   1.75648      4.004095
   1.73453      4.033628
   1.71258      4.063276
   1.69062      4.092174
   1.66867      4.119227
   1.64671      4.143414
   1.62476      4.163611
   1.60280      4.178845
   1.58085      4.188324
   1.55889      4.191548
   1.55889      4.191548
   1.54088      4.186428
   1.52286      4.171259
   1.50484      4.146640
   1.48683      4.113508
   1.46881      4.073139
   1.45079      4.027054
   1.43277      3.977022
   1.41476      3.924977
   1.39674      3.872922
   1.37872      3.822763
   1.36071      3.776182
   1.34269      3.734418
   1.32467      3.698091
   1.30665      3.667290
   1.28864      3.641595
   1.27062      3.620382
   1.25260      3.602877
   1.23458      3.588340
   1.21657      3.576156
   1.19855      3.565735
   1.18053      3.556650
   1.16252      3.548558
   1.14450      3.541155
   1.12648      3.534119
   1.10846      3.526823
   1.09045      3.514359
   1.07243      3.431008
   1.05441      3.308232
   1.03639      3.186599
   1.01838      3.068833
   1.00036      2.956155
   0.98234      2.849722
   0.96433      2.750925
   0.94631      2.661326
   0.92829      2.582928
   0.91027      2.517925
   0.89226      2.468880
   0.87424      2.438197
   0.85622      2.427752
   0.85622      2.427752
   0.83427      2.490125
   0.81231      2.561254
   0.79036      2.640175
   0.76840      2.725619
   0.74645      2.815031
   0.72450      2.892508
   0.70254      2.871809
   0.68059      2.806852
   0.65863      2.743993
   0.63668      2.691491
   0.61472      2.657813
   0.59277      2.653943
   0.57082      2.685729
   0.54886      2.746591
   0.52691      2.825082
   0.50495      2.912564
   0.48300      3.003604
   0.46104      3.094342
   0.43909      3.181438
   0.41713      3.261422
   0.39518      3.330402
   0.37323      3.383963
   0.35127      3.430125
   0.32932      3.493134
   0.30736      3.546530
   0.28541      3.589787
   0.26345      3.623269
   0.24150      3.648398
   0.21954      3.667807
   0.19759      3.685128
   0.17564      3.704570
   0.15368      3.729874
   0.13173      3.762895
   0.10977      3.802658
   0.08782      3.845744
   0.06586      3.887867
   0.04391      3.925289
   0.02195      3.955776
   0.00000      3.975411
 
 
# Band-Index   15
   0.00000      3.984986
   0.02195      3.999417
   0.04391      4.015105
   0.06586      4.030527
   0.08782      4.047119
   0.10977      4.065775
   0.13173      4.086914
   0.15368      4.110632
   0.17564      4.136789
   0.19759      4.165089
   0.21954      4.195184
   0.24150      4.226759
   0.26345      4.259601
   0.28541      4.293602
   0.30736      4.328703
   0.32932      4.364762
   0.35127      4.401466
   0.37323      4.438224
   0.39518      4.474111
   0.41713      4.507787
   0.43909      4.447078
   0.46104      4.339476
   0.48300      4.225061
   0.50495      4.105922
   0.52691      3.983851
   0.54886      3.860294
   0.57082      3.736483
   0.59277      3.613357
   0.61472      3.491845
   0.63668      3.372730
   0.65863      3.256935
   0.68059      3.145847
   0.70254      3.044018
   0.72450      2.996077
   0.74645      3.055235
   0.76840      3.135077
   0.79036      3.219710
   0.81231      3.306882
   0.83427      3.395749
   0.85622      3.485743
   0.85622      3.485743
   0.87424      3.486009
   0.89226      3.486801
   0.91027      3.488107
   0.92829      3.489920
   0.94631      3.492224
   0.96433      3.495017
   0.98234      3.498273
   1.00036      3.501971
   1.01838      3.506123
   1.03639      3.510812
   1.05441      3.516306
   1.07243      3.524516
   1.09045      3.575295
   1.10846      3.699476
   1.12648      3.830767
   1.14450      3.963690
   1.16252      4.097148
   1.18053      4.230379
   1.19855      4.362667
   1.21657      4.493284
   1.23458      4.621425
   1.25260      4.746296
   1.27062      4.866855
   1.28864      4.982082
   1.30665      5.090881
   1.32467      5.192037
   1.34269      5.284418
   1.36071      5.366938
   1.37872      5.438888
   1.39674      5.499935
   1.41476      5.550252
   1.43277      5.590527
   1.45079      5.621803
   1.46881      5.645309
   1.48683      5.662331
   1.50484      5.674135
   1.52286      5.681730
   1.54088      5.685952
   1.55889      5.687298
   1.55889      5.687298
   1.58085      5.688839
   1.60280      5.693248
   1.62476      5.699833
   1.64671      5.707542
   1.66867      5.714972
   1.69062      5.720418
   1.71258      5.721795
   1.73453      5.716742
   1.75648      5.702443
   1.77844      5.675901
   1.80039      5.634401
   1.82235      5.576387
   1.84430      5.502039
   1.86626      5.413120
   1.88821      5.312195
   1.91017      5.202046
   1.93212      5.085345
   1.95407      4.964633
   1.97603      4.842326
   1.99798      4.720717
   2.01994      4.601985
   2.04189      4.488073
   2.06385      4.380613
   2.08580      4.280619
   2.10776      4.188442
   2.12971      4.103869
   2.15166      4.026107
   2.17362      3.954137
   2.19557      3.886930
   2.21753      3.823538
   2.23948      3.763221
   2.26144      3.705461
   2.28339      3.649969
   2.30535      3.596738
   2.32730      3.545960
   2.34925      3.498224
   2.37121      3.454939
   2.39316      3.419805
   2.41512      3.404103
   2.41512      3.404103
   2.43313      3.378855
   2.45115      3.452250
   2.46917      3.525659
   2.48719      3.572930
   2.50520      3.623411
   2.52322      3.676975
   2.54124      3.733516
   2.55926      3.792868
   2.57727      3.854911
   2.59529      3.919510
   2.61331      3.986475
   2.63132      4.055726
   2.64934      4.127010
   2.66736      4.200175
   2.68538      4.262391
   2.70339      4.284870
   2.72141      4.296808
   2.73943      4.298832
   2.75744      4.292385
   2.77546      4.279297
   2.79348      4.261403
   2.81150      4.240302
   2.82951      4.217284
   2.84753      4.193332
   2.86555      4.169191
   2.88357      4.145412
   2.90158      4.122416
   2.91960      4.100515
   2.93762      4.079952
   2.95563      4.060914
   2.97365      4.043546
   2.99167      4.027967
   3.00969      4.014275
   3.02770      4.002551
   3.04572      3.992860
   3.06374      3.985262
   3.08176      3.979802
   3.09977      3.982579
   3.11779      3.984986
 
 
# Band-Index   16
   3.11779      4.849073
   3.09977      4.850344
   3.08176      4.854124
   3.06374      4.860407
   3.04572      4.869201
   3.02770      4.880496
   3.00969      4.894250
   2.99167      4.910457
   2.97365      4.929098
   2.95563      4.950147
   2.93762      4.973569
   2.91960      4.999346
   2.90158      5.027453
   2.88357      5.057867
   2.86555      5.064359
   2.84753      4.986556
   2.82951      4.907541
   2.81150      4.827775
   2.79348      4.747587
   2.77546      4.667300
   2.75744      4.587260
   2.73943      4.507767
   2.72141      4.429043
   2.70339      4.351405
   2.68538      4.275046
   2.66736      4.229650
   2.64934      4.187690
   2.63132      4.137932
   2.61331      4.081831
   2.59529      4.020721
   2.57727      3.955731
   2.55926      3.887782
   2.54124      3.817640
   2.52322      3.745916
   2.50520      3.673117
   2.48719      3.599678
   2.46917      3.525951
   2.45115      3.481715
   2.43313      3.441176
   2.41512      3.404160
   2.41512      3.404160
   2.39316      3.419857
   2.37121      3.454986
   2.34925      3.498267
   2.32730      3.546002
   2.30535      3.596778
   2.28339      3.650008
   2.26144      3.705499
   2.23948      3.763258
   2.21753      3.823574
   2.19557      3.886965
   2.17362      3.954171
   2.15166      4.026138
   2.12971      4.103898
   2.10776      4.188468
   2.08580      4.280642
   2.06385      4.380632
   2.04189      4.488088
   2.01994      4.601996
   1.99798      4.720726
   1.97603      4.842335
   1.95407      4.964644
   1.93212      5.085358
   1.91017      5.202062
   1.88821      5.312213
   1.86626      5.413141
   1.84430      5.502061
   1.82235      5.576411
   1.80039      5.634426
   1.77844      5.675927
   1.75648      5.702470
   1.73453      5.716770
   1.71258      5.721824
   1.69062      5.720448
   1.66867      5.715002
   1.64671      5.707573
   1.62476      5.699863
   1.60280      5.693278
   1.58085      5.688869
   1.55889      5.687328
   1.55889      5.687328
   1.54088      5.685982
   1.52286      5.681760
   1.50484      5.674164
   1.48683      5.662361
   1.46881      5.645338
   1.45079      5.621832
   1.43277      5.590556
   1.41476      5.550281
   1.39674      5.499964
   1.37872      5.438917
   1.36071      5.366967
   1.34269      5.284447
   1.32467      5.192066
   1.30665      5.090910
   1.28864      4.982111
   1.27062      4.866884
   1.25260      4.746325
   1.23458      4.621454
   1.21657      4.493313
   1.19855      4.362696
   1.18053      4.230407
   1.16252      4.097177
   1.14450      3.963719
   1.12648      3.830796
   1.10846      3.699506
   1.09045      3.575328
   1.07243      3.524544
   1.05441      3.516333
   1.03639      3.510838
   1.01838      3.506150
   1.00036      3.501999
   0.98234      3.498301
   0.96433      3.495046
   0.94631      3.492253
   0.92829      3.489949
   0.91027      3.488136
   0.89226      3.486830
   0.87424      3.486038
   0.85622      3.485773
   0.85622      3.485773
   0.83427      3.576469
   0.81231      3.667439
   0.79036      3.758237
   0.76840      3.848390
   0.74645      3.937378
   0.72450      4.024616
   0.70254      4.109428
   0.68059      4.191038
   0.65863      4.268462
   0.63668      4.340606
   0.61472      4.406137
   0.59277      4.463497
   0.57082      4.510973
   0.54886      4.546830
   0.52691      4.569726
   0.50495      4.579099
   0.48300      4.575578
   0.46104      4.560895
   0.43909      4.537460
   0.41713      4.545577
   0.39518      4.633011
   0.37323      4.708577
   0.35127      4.773743
   0.32932      4.832537
   0.30736      4.890395
   0.28541      4.951938
   0.26345      5.019018
   0.24150      5.047234
   0.21954      5.014279
   0.19759      4.983190
   0.17564      4.955187
   0.15368      4.930401
   0.13173      4.908878
   0.10977      4.890642
   0.08782      4.875694
   0.06586      4.864058
   0.04391      4.855741
   0.02195      4.850738
   0.00000      4.849073
 
 
# Band-Index   17
   0.00000      5.178201
   0.02195      5.180296
   0.04391      5.186392
   0.06586      5.195979
   0.08782      5.208377
   0.10977      5.222883
   0.13173      5.238869
   0.15368      5.255830
   0.17564      5.273347
   0.19759      5.256853
   0.21954      5.175270
   0.24150      5.097610
   0.26345      5.089213
   0.28541      5.129312
   0.30736      5.173425
   0.32932      5.220830
   0.35127      5.271338
   0.37323      5.324759
   0.39518      5.380929
   0.41713      5.380833
   0.43909      5.378602
   0.46104      5.378648
   0.48300      5.383723
   0.50495      5.396549
   0.52691      5.419276
   0.54886      5.452950
   0.57082      5.497483
   0.59277      5.551899
   0.61472      5.614849
   0.63668      5.684890
   0.65863      5.760665
   0.68059      5.840913
   0.70254      5.924417
   0.72450      6.009961
   0.74645      6.096186
   0.76840      6.181494
   0.79036      6.263903
   0.81231      6.340899
   0.83427      6.409306
   0.85622      6.465306
   0.85622      6.465306
   0.87424      6.464900
   0.89226      6.463653
   0.91027      6.461497
   0.92829      6.458330
   0.94631      6.454004
   0.96433      6.448396
   0.98234      6.441334
   1.00036      6.432690
   1.01838      6.422381
   1.03639      6.410442
   1.05441      6.396927
   1.07243      6.382057
   1.09045      6.366124
   1.10846      6.349494
   1.12648      6.332654
   1.14450      6.316098
   1.16252      6.300380
   1.18053      6.286035
   1.19855      6.273628
   1.21657      6.263657
   1.23458      6.256605
   1.25260      6.253037
   1.27062      6.253353
   1.28864      6.258020
   1.30665      6.267500
   1.32467      6.282123
   1.34269      6.302222
   1.36071      6.327785
   1.37872      6.358618
   1.39674      6.393961
   1.41476      6.432607
   1.43277      6.472966
   1.45079      6.513147
   1.46881      6.551160
   1.48683      6.585128
   1.50484      6.613455
   1.52286      6.634701
   1.54088      6.647888
   1.55889      6.652346
   1.55889      6.652346
   1.58085      6.647426
   1.60280      6.632869
   1.62476      6.609161
   1.64671      6.577130
   1.66867      6.537865
   1.69062      6.492773
   1.71258      6.443502
   1.73453      6.392258
   1.75648      6.341728
   1.77844      6.295092
   1.80039      6.255356
   1.82235      6.224578
   1.84430      6.203212
   1.86626      6.190287
   1.88821      6.183946
   1.91017      6.182182
   1.93212      6.182920
   1.95407      6.184285
   1.97603      6.184452
   1.99798      6.181816
   2.01994      6.175143
   2.04189      6.163783
   2.06385      6.147749
   2.08580      6.127652
   2.10776      6.104433
   2.12971      6.079231
   2.15166      6.053062
   2.17362      6.026843
   2.19557      6.001307
   2.21753      5.977039
   2.23948      5.954487
   2.26144      5.933996
   2.28339      5.915822
   2.30535      5.900178
   2.32730      5.887201
   2.34925      5.877007
   2.37121      5.869673
   2.39316      5.865252
   2.41512      5.863775
   2.41512      5.863775
   2.43313      5.791537
   2.45115      5.718096
   2.46917      5.644804
   2.48719      5.572537
   2.50520      5.501930
   2.52322      5.433501
   2.54124      5.367707
   2.55926      5.305018
   2.57727      5.245945
   2.59529      5.191082
   2.61331      5.141157
   2.63132      5.097048
   2.64934      5.059794
   2.66736      5.030541
   2.68538      5.010335
   2.70339      4.999816
   2.72141      4.998879
   2.73943      5.006440
   2.75744      5.020671
   2.77546      5.039347
   2.79348      5.060312
   2.81150      5.081733
   2.82951      5.102204
   2.84753      5.120755
   2.86555      5.090566
   2.88357      5.140527
   2.90158      5.160524
   2.91960      5.168404
   2.93762      5.173993
   2.95563      5.177658
   2.97365      5.179789
   2.99167      5.180767
   3.00969      5.180933
   3.02770      5.180589
   3.04572      5.179981
   3.06374      5.179311
   3.08176      5.178730
   3.09977      5.178339
   3.11779      5.178201
 
 
# Band-Index   18
   3.11779      5.729930
   3.09977      5.725663
   3.08176      5.712939
   3.06374      5.691986
   3.04572      5.663125
   3.02770      5.626818
   3.00969      5.583635
   2.99167      5.534166
   2.97365      5.479052
   2.95563      5.418916
   2.93762      5.354406
   2.91960      5.286069
   2.90158      5.214595
   2.88357      5.150047
   2.86555      5.136790
   2.84753      5.125514
   2.82951      5.162703
   2.81150      5.202107
   2.79348      5.243703
   2.77546      5.287464
   2.75744      5.333332
   2.73943      5.381255
   2.72141      5.431195
   2.70339      5.483051
   2.68538      5.536725
   2.66736      5.592060
   2.64934      5.648863
   2.63132      5.706864
   2.61331      5.765675
   2.59529      5.824750
   2.57727      5.883241
   2.55926      5.939763
   2.54124      5.991939
   2.52322      6.035532
   2.50520      6.063418
   2.48719      6.066810
   2.46917      6.041864
   2.45115      5.994168
   2.43313      5.932616
   2.41512      5.863790
   2.41512      5.863790
   2.39316      5.865267
   2.37121      5.869688
   2.34925      5.877020
   2.32730      5.887213
   2.30535      5.900189
   2.28339      5.915831
   2.26144      5.934002
   2.23948      5.954490
   2.21753      5.977042
   2.19557      6.001313
   2.17362      6.026853
   2.15166      6.053079
   2.12971      6.079254
   2.10776      6.104463
   2.08580      6.127689
   2.06385      6.147793
   2.04189      6.163832
   2.01994      6.175196
   1.99798      6.181870
   1.97603      6.184505
   1.95407      6.184337
   1.93212      6.182967
   1.91017      6.182225
   1.88821      6.183985
   1.86626      6.190321
   1.84430      6.203240
   1.82235      6.224602
   1.80039      6.255375
   1.77844      6.295106
   1.75648      6.341740
   1.73453      6.392269
   1.71258      6.443514
   1.69062      6.492786
   1.66867      6.537879
   1.64671      6.577145
   1.62476      6.609177
   1.60280      6.632886
   1.58085      6.647443
   1.55889      6.652363
   1.55889      6.652363
   1.54088      6.647906
   1.52286      6.634718
   1.50484      6.613472
   1.48683      6.585143
   1.46881      6.551173
   1.45079      6.513158
   1.43277      6.472975
   1.41476      6.432614
   1.39674      6.393965
   1.37872      6.358619
   1.36071      6.327786
   1.34269      6.302225
   1.32467      6.282129
   1.30665      6.267508
   1.28864      6.258030
   1.27062      6.253365
   1.25260      6.253051
   1.23458      6.256620
   1.21657      6.263675
   1.19855      6.273647
   1.18053      6.286056
   1.16252      6.300403
   1.14450      6.316122
   1.12648      6.332679
   1.10846      6.349520
   1.09045      6.366150
   1.07243      6.382084
   1.05441      6.396954
   1.03639      6.410469
   1.01838      6.422408
   1.00036      6.432716
   0.98234      6.441359
   0.96433      6.448420
   0.94631      6.454028
   0.92829      6.458353
   0.91027      6.461520
   0.89226      6.463675
   0.87424      6.464922
   0.85622      6.465328
   0.85622      6.465328
   0.83427      6.504899
   0.81231      6.524653
   0.79036      6.523106
   0.76840      6.501405
   0.74645      6.462747
   0.72450      6.411120
   0.70254      6.350263
   0.68059      6.283131
   0.65863      6.212001
   0.63668      6.138522
   0.61472      6.063909
   0.59277      5.989070
   0.57082      5.914711
   0.54886      5.841332
   0.52691      5.769368
   0.50495      5.699127
   0.48300      5.630869
   0.46104      5.564786
   0.43909      5.501037
   0.41713      5.439716
   0.39518      5.383027
   0.37323      5.383491
   0.35127      5.381201
   0.32932      5.375673
   0.30736      5.366910
   0.28541      5.355245
   0.26345      5.341229
   0.24150      5.325467
   0.21954      5.308568
   0.19759      5.291051
   0.17564      5.338601
   0.15368      5.417926
   0.13173      5.492451
   0.10977      5.559931
   0.08782      5.618361
   0.06586      5.665915
   0.04391      5.701042
   0.02195      5.722647
   0.00000      5.729930
 
 
# Band-Index   19
   0.00000      6.226341
   0.02195      6.227966
   0.04391      6.232666
   0.06586      6.239939
   0.08782      6.249070
   0.10977      6.259262
   0.13173      6.269760
   0.15368      6.280005
   0.17564      6.289708
   0.19759      6.298904
   0.21954      6.307951
   0.24150      6.317498
   0.26345      6.328271
   0.28541      6.340944
   0.30736      6.356117
   0.32932      6.374247
   0.35127      6.392174
   0.37323      6.421126
   0.39518      6.450712
   0.41713      6.484816
   0.43909      6.523617
   0.46104      6.567142
   0.48300      6.615289
   0.50495      6.667789
   0.52691      6.724292
   0.54886      6.784329
   0.57082      6.847362
   0.59277      6.912701
   0.61472      6.979536
   0.63668      7.046847
   0.65863      7.113353
   0.68059      7.177048
   0.70254      7.184187
   0.72450      7.194104
   0.74645      7.206559
   0.76840      7.221783
   0.79036      7.240575
   0.81231      7.263760
   0.83427      7.291056
   0.85622      7.320021
   0.85622      7.320021
   0.87424      7.319612
   0.89226      7.318410
   0.91027      7.316530
   0.92829      7.314157
   0.94631      7.311564
   0.96433      7.309112
   0.98234      7.307210
   1.00036      7.306335
   1.01838      7.306998
   1.03639      7.309718
   1.05441      7.314938
   1.07243      7.323076
   1.09045      7.334438
   1.10846      7.349227
   1.12648      7.367575
   1.14450      7.389515
   1.16252      7.415025
   1.18053      7.444016
   1.19855      7.476366
   1.21657      7.511897
   1.23458      7.550393
   1.25260      7.591595
   1.27062      7.635083
   1.28864      7.680190
   1.30665      7.725602
   1.32467      7.768211
   1.34269      7.800615
   1.36071      7.812630
   1.37872      7.806503
   1.39674      7.792717
   1.41476      7.777339
   1.43277      7.762908
   1.45079      7.750426
   1.46881      7.740195
   1.48683      7.732237
   1.50484      7.726424
   1.52286      7.722476
   1.54088      7.720208
   1.55889      7.719459
   1.55889      7.719459
   1.58085      7.719758
   1.60280      7.720349
   1.62476      7.720167
   1.64671      7.717325
   1.66867      7.708880
   1.69062      7.690809
   1.71258      7.658815
   1.73453      7.610944
   1.75648      7.549310
   1.77844      7.478560
   1.80039      7.403134
   1.82235      7.326245
   1.84430      7.250065
   1.86626      7.176122
   1.88821      7.105563
   1.91017      7.039371
   1.93212      6.978424
   1.95407      6.923557
   1.97603      6.875487
   1.99798      6.834717
   2.01994      6.801368
   2.04189      6.775039
   2.06385      6.754797
   2.08580      6.739339
   2.10776      6.727194
   2.12971      6.717132
   2.15166      6.708168
   2.17362      6.699698
   2.19557      6.691405
   2.21753      6.683225
   2.23948      6.675232
   2.26144      6.667580
   2.28339      6.660453
   2.30535      6.654055
   2.32730      6.648560
   2.34925      6.644122
   2.37121      6.640868
   2.39316      6.638879
   2.41512      6.638210
   2.41512      6.638210
   2.43313      6.586675
   2.45115      6.540907
   2.46917      6.508542
   2.48719      6.498853
   2.50520      6.517362
   2.52322      6.559769
   2.54124      6.616342
   2.55926      6.678509
   2.57727      6.642909
   2.59529      6.593523
   2.61331      6.543748
   2.63132      6.494658
   2.64934      6.447003
   2.66736      6.401355
   2.68538      6.358151
   2.70339      6.317764
   2.72141      6.280525
   2.73943      6.246715
   2.75744      6.216606
   2.77546      6.190405
   2.79348      6.168292
   2.81150      6.150367
   2.82951      6.136668
   2.84753      6.127133
   2.86555      6.121597
   2.88357      6.119807
   2.90158      6.121441
   2.91960      6.126107
   2.93762      6.133375
   2.95563      6.142769
   2.97365      6.153777
   2.99167      6.165863
   3.00969      6.178416
   3.02770      6.190786
   3.04572      6.202274
   3.06374      6.212185
   3.08176      6.219840
   3.09977      6.224683
   3.11779      6.226341
 
 
# Band-Index   20
   3.11779      6.844842
   3.09977      6.845765
   3.08176      6.848396
   3.06374      6.852679
   3.04572      6.858601
   3.02770      6.866027
   3.00969      6.874682
   2.99167      6.884366
   2.97365      6.894761
   2.95563      6.905435
   2.93762      6.915830
   2.91960      6.925339
   2.90158      6.933243
   2.88357      6.938807
   2.86555      6.941440
   2.84753      6.940846
   2.82951      6.937301
   2.81150      6.931581
   2.79348      6.924809
   2.77546      6.918200
   2.75744      6.912774
   2.73943      6.909232
   2.72141      6.907652
   2.70339      6.907406
   2.68538      6.906959
   2.66736      6.903692
   2.64934      6.893979
   2.63132      6.873950
   2.61331      6.841089
   2.59529      6.795526
   2.57727      6.739930
   2.55926      6.690290
   2.54124      6.733158
   2.52322      6.767669
   2.50520      6.788569
   2.48719      6.790674
   2.46917      6.772256
   2.45115      6.736701
   2.43313      6.690068
   2.41512      6.638377
   2.41512      6.638377
   2.39316      6.639045
   2.37121      6.641034
   2.34925      6.644288
   2.32730      6.648725
   2.30535      6.654219
   2.28339      6.660617
   2.26144      6.667742
   2.23948      6.675393
   2.21753      6.683385
   2.19557      6.691563
   2.17362      6.699854
   2.15166      6.708323
   2.12971      6.717284
   2.10776      6.727345
   2.08580      6.739489
   2.06385      6.754945
   2.04189      6.775185
   2.01994      6.801510
   1.99798      6.834856
   1.97603      6.875621
   1.95407      6.923686
   1.93212      6.978546
   1.91017      7.039488
   1.88821      7.105672
   1.86626      7.176225
   1.84430      7.250161
   1.82235      7.326333
   1.80039      7.403213
   1.77844      7.478628
   1.75648      7.549365
   1.73453      7.610986
   1.71258      7.658843
   1.69062      7.690826
   1.66867      7.708891
   1.64671      7.717332
   1.62476      7.720173
   1.60280      7.720355
   1.58085      7.719764
   1.55889      7.719465
   1.55889      7.719465
   1.54088      7.720214
   1.52286      7.722482
   1.50484      7.726432
   1.48683      7.732246
   1.46881      7.740206
   1.45079      7.750438
   1.43277      7.762922
   1.41476      7.777354
   1.39674      7.792733
   1.37872      7.806520
   1.36071      7.812650
   1.34269      7.800653
   1.32467      7.768272
   1.30665      7.725679
   1.28864      7.680278
   1.27062      7.635178
   1.25260      7.591696
   1.23458      7.550499
   1.21657      7.512007
   1.19855      7.476481
   1.18053      7.444135
   1.16252      7.415149
   1.14450      7.389643
   1.12648      7.367708
   1.10846      7.349365
   1.09045      7.334581
   1.07243      7.323224
   1.05441      7.315092
   1.03639      7.309876
   1.01838      7.307162
   1.00036      7.306504
   0.98234      7.307383
   0.96433      7.309289
   0.94631      7.311745
   0.92829      7.314341
   0.91027      7.316718
   0.89226      7.318600
   0.87424      7.319802
   0.85622      7.320213
   0.85622      7.320213
   0.83427      7.346546
   0.81231      7.364763
   0.79036      7.369627
   0.76840      7.358189
   0.74645      7.330497
   0.72450      7.288937
   0.70254      7.236825
   0.68059      7.177405
   0.65863      7.173237
   0.63668      7.173224
   0.61472      7.177296
   0.59277      7.185337
   0.57082      7.196475
   0.54886      7.207362
   0.52691      7.207146
   0.50495      7.160094
   0.48300      7.035118
   0.46104      6.878145
   0.43909      6.726270
   0.41713      6.594366
   0.39518      6.491118
   0.37323      6.422584
   0.35127      6.395778
   0.32932      6.399600
   0.30736      6.440856
   0.28541      6.509810
   0.26345      6.599620
   0.24150      6.702948
   0.21954      6.810106
   0.19759      6.897751
   0.17564      6.927202
   0.15368      6.919452
   0.13173      6.903439
   0.10977      6.887060
   0.08782      6.872497
   0.06586      6.860658
   0.04391      6.851964
   0.02195      6.846623
   0.00000      6.844842
 
 
# Band-Index   21
   0.00000      7.490140
   0.02195      7.480154
   0.04391      7.451146
   0.06586      7.405705
   0.08782      7.348045
   0.10977      7.283405
   0.13173      7.217362
   0.15368      7.155361
   0.17564      7.102260
   0.19759      7.062191
   0.21954      7.038576
   0.24150      7.034029
   0.26345      7.050318
   0.28541      7.088419
   0.30736      7.148693
   0.32932      7.230520
   0.35127      7.307395
   0.37323      7.357413
   0.39518      7.404303
   0.41713      7.438797
   0.43909      7.446631
   0.46104      7.431654
   0.48300      7.420513
   0.50495      7.455509
   0.52691      7.581210
   0.54886      7.760515
   0.57082      7.943724
   0.59277      8.096781
   0.61472      8.218343
   0.63668      8.327820
   0.65863      8.434144
   0.68059      8.366574
   0.70254      8.283634
   0.72450      8.206184
   0.74645      8.137080
   0.76840      8.079000
   0.79036      8.033939
   0.81231      8.002581
   0.83427      7.984362
   0.85622      7.978634
   0.85622      7.978634
   0.87424      7.978789
   0.89226      7.979245
   0.91027      7.980042
   0.92829      7.981233
   0.94631      7.982891
   0.96433      7.985114
   0.98234      7.987963
   1.00036      7.991500
   1.01838      7.995763
   1.03639      8.000761
   1.05441      8.006398
   1.07243      8.012544
   1.09045      8.018963
   1.10846      8.025325
   1.12648      8.031228
   1.14450      8.036158
   1.16252      8.039552
   1.18053      8.040780
   1.19855      8.039237
   1.21657      8.034386
   1.23458      8.025884
   1.25260      8.013739
   1.27062      7.998333
   1.28864      7.980667
   1.30665      7.962688
   1.32467      7.948284
   1.34269      7.945807
   1.36071      7.966259
   1.37872      8.008191
   1.39674      8.061661
   1.41476      8.120921
   1.43277      8.183518
   1.45079      8.248173
   1.46881      8.313887
   1.48683      8.379480
   1.50484      8.443008
   1.52286      8.500628
   1.54088      8.544514
   1.55889      8.561836
   1.55889      8.561836
   1.58085      8.529598
   1.60280      8.455294
   1.62476      8.366459
   1.64671      8.276154
   1.66867      8.191287
   1.69062      8.117226
   1.71258      8.058377
   1.73453      8.016316
   1.75648      7.988170
   1.77844      7.968517
   1.80039      7.952268
   1.82235      7.935977
   1.84430      7.917859
   1.86626      7.897379
   1.88821      7.874838
   1.91017      7.851013
   1.93212      7.826810
   1.95407      7.803104
   1.97603      7.780550
   1.99798      7.759489
   2.01994      7.739868
   2.04189      7.721240
   2.06385      7.702866
   2.08580      7.683969
   2.10776      7.663938
   2.12971      7.642632
   2.15166      7.620249
   2.17362      7.597315
   2.19557      7.574448
   2.21753      7.552263
   2.23948      7.531295
   2.26144      7.511985
   2.28339      7.494674
   2.30535      7.479653
   2.32730      7.467111
   2.34925      7.457215
   2.37121      7.450070
   2.39316      7.445754
   2.41512      7.444310
   2.41512      7.444310
   2.43313      7.393780
   2.45115      7.351209
   2.46917      7.322256
   2.48719      7.312723
   2.50520      7.325779
   2.52322      7.359444
   2.54124      7.408182
   2.55926      7.466248
   2.57727      7.529141
   2.59529      7.520189
   2.61331      7.497179
   2.63132      7.487087
   2.64934      7.486971
   2.66736      7.490781
   2.68538      7.492510
   2.70339      7.488828
   2.72141      7.479712
   2.73943      7.466881
   2.75744      7.452642
   2.77546      7.439107
   2.79348      7.428257
   2.81150      7.421930
   2.82951      7.421681
   2.84753      7.428657
   2.86555      7.443402
   2.88357      7.465684
   2.90158      7.494772
   2.91960      7.529448
   2.93762      7.568238
   2.95563      7.609587
   2.97365      7.622675
   2.99167      7.600577
   3.00969      7.577802
   3.02770      7.555301
   3.04572      7.534276
   3.06374      7.516135
   3.08176      7.502105
   3.09977      7.493199
   3.11779      7.490140
 
 
# Band-Index   22
   3.11779      7.866293
   3.09977      7.862149
   3.08176      7.849892
   3.06374      7.830024
   3.04572      7.803380
   3.02770      7.770995
   3.00969      7.734079
   2.99167      7.693946
   2.97365      7.651986
   2.95563      7.643400
   2.93762      7.662561
   2.91960      7.680308
   2.90158      7.697144
   2.88357      7.713631
   2.86555      7.730427
   2.84753      7.748011
   2.82951      7.766703
   2.81150      7.786486
   2.79348      7.806841
   2.77546      7.826630
   2.75744      7.844206
   2.73943      7.857190
   2.72141      7.862640
   2.70339      7.857657
   2.68538      7.840107
   2.66736      7.809518
   2.64934      7.767086
   2.63132      7.715117
   2.61331      7.656321
   2.59529      7.593446
   2.57727      7.554827
   2.55926      7.596318
   2.54124      7.636094
   2.52322      7.662038
   2.50520      7.663923
   2.48719      7.641595
   2.46917      7.602092
   2.45115      7.552651
   2.43313      7.498697
   2.41512      7.444555
   2.41512      7.444555
   2.39316      7.445998
   2.37121      7.450314
   2.34925      7.457456
   2.32730      7.467350
   2.30535      7.479888
   2.28339      7.494904
   2.26144      7.512209
   2.23948      7.531510
   2.21753      7.552467
   2.19557      7.574638
   2.17362      7.597488
   2.15166      7.620401
   2.12971      7.642760
   2.10776      7.664038
   2.08580      7.684039
   2.06385      7.702906
   2.04189      7.721256
   2.01994      7.739885
   1.99798      7.759523
   1.97603      7.780600
   1.95407      7.803166
   1.93212      7.826881
   1.91017      7.851090
   1.88821      7.874918
   1.86626      7.897462
   1.84430      7.917941
   1.82235      7.936058
   1.80039      7.952347
   1.77844      7.968596
   1.75648      7.988251
   1.73453      8.016401
   1.71258      8.058468
   1.69062      8.117319
   1.66867      8.191380
   1.64671      8.276246
   1.62476      8.366547
   1.60280      8.455378
   1.58085      8.529678
   1.55889      8.561915
   1.55889      8.561915
   1.54088      8.544593
   1.52286      8.500710
   1.50484      8.443093
   1.48683      8.379568
   1.46881      8.313980
   1.45079      8.248270
   1.43277      8.183620
   1.41476      8.121028
   1.39674      8.061774
   1.37872      8.008310
   1.36071      7.966381
   1.34269      7.945918
   1.32467      7.948379
   1.30665      7.962774
   1.28864      7.980749
   1.27062      7.998415
   1.25260      8.013822
   1.23458      8.025968
   1.21657      8.034470
   1.19855      8.039321
   1.18053      8.040863
   1.16252      8.039633
   1.14450      8.036236
   1.12648      8.031302
   1.10846      8.025394
   1.09045      8.019027
   1.07243      8.012602
   1.05441      8.006451
   1.03639      8.000807
   1.01838      7.995803
   1.00036      7.991534
   0.98234      7.987991
   0.96433      7.985137
   0.94631      7.982909
   0.92829      7.981248
   0.91027      7.980054
   0.89226      7.979255
   0.87424      7.978798
   0.85622      7.978642
   0.85622      7.978642
   0.83427      7.985982
   0.81231      8.008112
   0.79036      8.047063
   0.76840      8.104001
   0.74645      8.178491
   0.72450      8.268508
   0.70254      8.370415
   0.68059      8.475715
   0.65863      8.451939
   0.63668      8.536044
   0.61472      8.473276
   0.59277      8.296337
   0.57082      8.141202
   0.54886      8.024381
   0.52691      7.929149
   0.50495      7.845584
   0.48300      7.771608
   0.46104      7.709898
   0.43909      7.670353
   0.41713      7.669597
   0.39518      7.590435
   0.37323      7.453403
   0.35127      7.332698
   0.32932      7.257975
   0.30736      7.210806
   0.28541      7.166810
   0.26345      7.126939
   0.24150      7.092879
   0.21954      7.069526
   0.19759      7.076364
   0.17564      7.148757
   0.15368      7.262605
   0.13173      7.385950
   0.10977      7.507410
   0.08782      7.620628
   0.06586      7.719591
   0.04391      7.797854
   0.02195      7.848631
   0.00000      7.866290
 
 
# Band-Index   23
   0.00000      8.591840
   0.02195      8.591371
   0.04391      8.592507
   0.06586      8.599629
   0.08782      8.616318
   0.10977      8.643998
   0.13173      8.681820
   0.15368      8.661481
   0.17564      8.584849
   0.19759      8.498162
   0.21954      8.405124
   0.24150      8.308513
   0.26345      8.210741
   0.28541      8.113770
   0.30736      8.019511
   0.32932      7.929523
   0.35127      7.845656
   0.37323      7.770359
   0.39518      7.708251
   0.41713      7.740940
   0.43909      7.902049
   0.46104      8.070319
   0.48300      8.241258
   0.50495      8.407530
   0.52691      8.556186
   0.54886      8.662367
   0.57082      8.699798
   0.59277      8.674358
   0.61472      8.613443
   0.63668      8.598766
   0.65863      8.578677
   0.68059      8.547901
   0.70254      8.655050
   0.72450      8.767058
   0.74645      8.881661
   0.76840      8.998141
   0.79036      8.992157
   0.81231      8.979654
   0.83427      8.989683
   0.85622      9.021466
   0.85622      9.021461
   0.87424      9.012439
   0.89226      8.988417
   0.91027      8.955797
   0.92829      8.920242
   0.94631      8.885560
   0.96433      8.854058
   0.98234      8.826970
   1.00036      8.804938
   1.01838      8.788237
   1.03639      8.776889
   1.05441      8.770655
   1.07243      8.769254
   1.09045      8.772286
   1.10846      8.779281
   1.12648      8.789750
   1.14450      8.803145
   1.16252      8.818858
   1.18053      8.836235
   1.19855      8.854595
   1.21657      8.873230
   1.23458      8.891599
   1.25260      8.909550
   1.27062      8.927267
   1.28864      8.945441
   1.30665      8.964913
   1.32467      8.986361
   1.34269      9.010145
   1.36071      9.036455
   1.37872      9.064792
   1.39674      9.094810
   1.41476      9.125249
   1.43277      9.153454
   1.45079      9.171173
   1.46881      9.158790
   1.48683      9.110087
   1.50484      9.046954
   1.52286      8.985640
   1.54088      8.938470
   1.55889      8.919906
   1.55889      8.919906
   1.58085      8.949849
   1.60280      9.014179
   1.62476      9.074884
   1.64671      9.104692
   1.66867      9.099044
   1.69062      9.073582
   1.71258      9.042146
   1.73453      9.011890
   1.75648      8.985092
   1.77844      8.957632
   1.80039      8.913133
   1.82235      8.847506
   1.84430      8.774188
   1.86626      8.700393
   1.88821      8.628716
   1.91017      8.560447
   1.93212      8.496483
   1.95407      8.437713
   1.97603      8.385092
   1.99798      8.339743
   2.01994      8.302973
   2.04189      8.276242
   2.06385      8.260963
   2.08580      8.258270
   2.10776      8.268493
   2.12971      8.291308
   2.15166      8.325367
   2.17362      8.368733
   2.19557      8.418987
   2.21753      8.473568
   2.23948      8.529711
   2.26144      8.584458
   2.28339      8.633844
   2.30535      8.657556
   2.32730      8.633662
   2.34925      8.608185
   2.37121      8.588756
   2.39316      8.576394
   2.41512      8.572465
   2.41512      8.572542
   2.43313      8.455626
   2.45115      8.342295
   2.46917      8.237117
   2.48719      8.144303
   2.50520      8.069959
   2.52322      8.019714
   2.54124      7.992584
   2.55926      7.979236
   2.57727      7.970471
   2.59529      7.962614
   2.61331      7.956482
   2.63132      7.955505
   2.64934      7.964335
   2.66736      7.987750
   2.68538      8.028833
   2.70339      8.087628
   2.72141      8.161619
   2.73943      8.247116
   2.75744      8.340496
   2.77546      8.438401
   2.79348      8.537586
   2.81150      8.634475
   2.82951      8.688930
   2.84753      8.685552
   2.86555      8.677088
   2.88357      8.664904
   2.90158      8.650540
   2.91960      8.635503
   2.93762      8.621218
   2.95563      8.608786
   2.97365      8.598967
   2.99167      8.592133
   3.00969      8.588200
   3.02770      8.586710
   3.04572      8.587094
   3.06374      8.588302
   3.08176      8.589916
   3.09977      8.591217
   3.11779      8.591598
 
 
# Band-Index   24
   3.11779      8.887566
   3.09977      8.891239
   3.08176      8.895190
   3.06374      8.899641
   3.04572      8.907263
   3.02770      8.916478
   3.00969      8.926655
   2.99167      8.934241
   2.97365      8.943518
   2.95563      8.948184
   2.93762      8.951014
   2.91960      8.947439
   2.90158      8.935006
   2.88357      8.908912
   2.86555      8.865542
   2.84753      8.803381
   2.82951      8.724763
   2.81150      8.686293
   2.79348      8.677438
   2.77546      8.663122
   2.75744      8.645398
   2.73943      8.627464
   2.72141      8.613310
   2.70339      8.607004
   2.68538      8.611511
   2.66736      8.628100
   2.64934      8.655548
   2.63132      8.691687
   2.61331      8.748307
   2.59529      8.777270
   2.57727      8.723319
   2.55926      8.682540
   2.54124      8.657515
   2.52322      8.648463
   2.50520      8.654101
   2.48719      8.671863
   2.46917      8.698770
   2.45115      8.732841
   2.43313      8.691702
   2.41512      8.573728
   2.41512      8.573075
   2.39316      8.577553
   2.37121      8.590027
   2.34925      8.611241
   2.32730      8.638626
   2.30535      8.662692
   2.28339      8.634881
   2.26144      8.585072
   2.23948      8.529900
   2.21753      8.473606
   2.19557      8.419065
   2.17362      8.368841
   2.15166      8.325490
   2.12971      8.291453
   2.10776      8.268661
   2.08580      8.258464
   2.06385      8.261181
   2.04189      8.276481
   2.01994      8.303231
   1.99798      8.340014
   1.97603      8.385373
   1.95407      8.438000
   1.93212      8.496774
   1.91017      8.560738
   1.88821      8.629006
   1.86626      8.700678
   1.84430      8.774492
   1.82235      8.847742
   1.80039      8.913706
   1.77844      8.958140
   1.75648      8.985874
   1.73453      9.012154
   1.71258      9.042272
   1.69062      9.073696
   1.66867      9.099148
   1.64671      9.104793
   1.62476      9.074977
   1.60280      9.014255
   1.58085      8.949915
   1.55889      8.919967
   1.55889      8.919968
   1.54088      8.938531
   1.52286      8.985700
   1.50484      9.047018
   1.48683      9.110159
   1.46881      9.159155
   1.45079      9.171315
   1.43277      9.153564
   1.41476      9.125386
   1.39674      9.094926
   1.37872      9.064913
   1.36071      9.036481
   1.34269      9.010263
   1.32467      8.986467
   1.30665      8.965010
   1.28864      8.945532
   1.27062      8.927358
   1.25260      8.909630
   1.23458      8.891687
   1.21657      8.873319
   1.19855      8.854684
   1.18053      8.836328
   1.16252      8.818954
   1.14450      8.803243
   1.12648      8.789851
   1.10846      8.779384
   1.09045      8.772391
   1.07243      8.769360
   1.05441      8.770762
   1.03639      8.776997
   1.01838      8.788346
   1.00036      8.805047
   0.98234      8.827079
   0.96433      8.854167
   0.94631      8.885669
   0.92829      8.920353
   0.91027      8.955905
   0.89226      8.988527
   0.87424      9.012549
   0.85622      9.021585
   0.85622      9.021574
   0.83427      9.072448
   0.81231      9.135145
   0.79036      9.111870
   0.76840      9.026111
   0.74645      9.079024
   0.72450      9.147962
   0.70254      9.229521
   0.68059      9.232480
   0.65863      9.064388
   0.63668      8.967933
   0.61472      9.023647
   0.59277      9.151587
   0.57082      9.302110
   0.54886      9.216572
   0.52691      9.204437
   0.50495      9.221027
   0.48300      9.242479
   0.46104      9.257098
   0.43909      9.260946
   0.41713      9.253578
   0.39518      9.236229
   0.37323      9.210640
   0.35127      9.179019
   0.32932      9.140503
   0.30736      9.099807
   0.28541      9.055602
   0.26345      9.001675
   0.24150      8.946933
   0.21954      8.891312
   0.19759      8.835058
   0.17564      8.783877
   0.15368      8.727959
   0.13173      8.725809
   0.10977      8.775557
   0.08782      8.808283
   0.06586      8.834392
   0.04391      8.849795
   0.02195      8.857333
   0.00000      8.886326
